insee_code,commune,median_price_m2,nb_transactions,reliability,Admin_Services,Commerce_Proximite,Divers_Other,Education,Emploi_Employment,Grandes_Surfaces,Practical_Services,Sante_Health,Social_Services,Transport,total_services
01001,L'ABERGEMENT-CLEMENCIAT,2209.206349206349,4,Low,1,0,68,1,0,0,14,0,0,0,84
01002,"ABERGEMENT-DE-VAREY (L )",1769.0265486725664,1,Low,1,0,23,0,0,0,4,0,0,0,28
01004,AMBERIEU-EN-BUGEY,2409.090909090909,1088,High,98,128,9664,46,14,13,1219,15,19,36,11252
01005,AMBERIEUX-EN-DOMBES,3170.2127659574467,25,High,3,3,265,1,0,0,39,1,0,0,312
01006,AMBLEON,1973.6842105263158,9,Low,1,0,13,0,0,0,2,0,0,0,16
01007,AMBRONAY,2181.818181818182,143,High,2,4,310,2,0,0,47,1,0,2,368
01008,AMBUTRIX,1886.2594169669178,4,Low,1,0,121,1,0,0,21,0,0,0,144
01009,ANDERT-CONDON,2477.8761061946902,1,Low,1,1,17,0,0,0,1,0,0,0,20
01010,ANGLEFORT,2716.8021680216802,16,High,2,2,130,1,0,0,21,0,0,0,156
01012,ARANC,1462.5,1,Low,1,0,54,1,0,0,8,0,0,0,64
01014,ARBENT,1250,6,Low,2,5,637,5,1,1,77,1,0,3,732
01015,"ARBOYS EN BUGEY",1230,1,Low,1,0,58,1,0,0,12,0,0,0,72
01017,ARGIS,760,1,Low,2,1,60,1,0,0,8,0,0,0,72
01021,ARS-SUR-FORMANS,2261.7354196301567,16,High,2,3,178,2,0,0,22,1,0,0,208
01022,ARTEMARE,1666.6666666666667,25,High,3,8,242,3,0,1,22,1,0,0,280
01024,ATTIGNAT,2473.1182795698924,49,High,4,6,377,2,1,0,56,1,0,1,448
01025,BAGE-DOMMARTIN,2227.7227722772277,110,High,1,5,314,3,1,1,45,1,0,1,372
01026,BAGE-LE-CHATEL,1983.1932773109243,25,High,4,2,143,1,0,0,14,0,0,0,164
01027,BALAN,3142.601787487587,36,High,1,6,276,2,0,0,53,0,0,2,340
01028,BANEINS,3105.2631578947367,1,Low,1,0,90,1,0,0,14,0,0,2,108
01029,BEAUPONT,1909.3406593406594,4,Low,2,2,72,1,0,0,7,0,0,0,84
01030,BEAUREGARD,2127.659574468085,1,Low,2,2,116,1,0,0,22,0,0,1,144
01031,BELLIGNAT,2012.135844940426,16,High,2,5,420,4,2,1,52,1,0,1,488
01032,BELIGNEUX,3305,25,High,2,5,387,2,0,0,61,1,0,6,464
01033,VALSERHONE,3360,702,High,81,89,6037,36,6,9,890,13,4,23,7188
01034,BELLEY,1909.090909090909,225,High,83,93,6014,33,12,12,739,11,3,20,7020
01035,BELLEYDOUX,3005.0505050505053,4,Low,1,0,37,0,0,0,2,0,0,0,40
01036,VALROMEY-SUR-SERAN,1716.4179104477612,81,High,1,1,100,0,0,0,17,0,0,1,120
01037,BENONCES,764.7058823529412,1,Low,1,0,28,1,0,0,2,0,0,0,32
01038,BENY,2090.5172413793102,9,Low,1,1,86,1,0,0,15,0,0,0,104
01040,BEREZIAT,1656.4542483660132,4,Low,1,0,60,1,0,0,6,0,0,0,68
01041,BETTANT,1693.5483870967741,25,High,1,0,59,1,0,0,11,0,0,0,72
01043,BEYNOST,3524.590163934426,72,High,3,11,1005,3,4,8,125,1,0,8,1168
01044,BILLIAT,2717.391304347826,9,Low,2,1,48,1,0,0,7,0,0,1,60
01045,BIRIEUX,1893.114311431143,4,Low,1,0,22,0,0,0,5,0,0,0,28
01046,BIZIAT,1554.0893650378887,4,Low,2,0,90,1,0,0,15,0,0,0,108
01047,BLYES,2700,16,High,2,1,173,1,1,0,28,0,0,2,208
01049,"LA BOISSE",3505.855855855856,36,High,3,3,449,2,0,1,80,1,0,1,540
01050,BOISSEY,2269.3670212765956,4,Low,1,0,19,1,0,0,3,0,0,0,24
01052,BOULIGNEUX,3838.3838383838383,1,Low,1,0,34,0,0,0,9,0,0,0,44
01053,BOURG-EN-BRESSE,2156.9444444444443,1088,High,157,249,20112,87,36,27,2342,39,46,65,23160
01054,BOURG-SAINT-CHRISTOPHE,2723.5772357723577,25,High,1,0,75,1,0,0,15,0,0,0,92
01056,BOYEUX-SAINT-JEROME,1903.225806451613,1,Low,1,0,35,0,0,0,3,0,0,1,40
01057,BOZ,1973.512235817575,4,Low,1,0,48,1,1,0,9,0,0,0,60
01058,BREGNIER-CORDON,1018.1818181818181,1,Low,2,3,162,1,0,0,18,0,1,1,188
01060,BRENOD,1046.2962962962963,9,Low,2,2,110,1,0,0,9,0,0,0,124
01061,BRENS,3378.7393162393164,4,Low,1,1,109,1,0,0,24,0,0,0,136
01063,BRION,3059.259259259259,1,Low,1,0,76,1,0,0,9,0,0,1,88
01064,BRIORD,2428.7115839243497,4,Low,2,0,134,2,0,1,27,0,0,2,168
01065,BUELLAS,2593.75,25,High,1,1,184,1,0,0,28,1,0,0,216
01066,"LA BURBANCHE",1261.1940298507463,1,Low,1,0,18,0,0,0,1,0,0,0,20
01068,CERDON,1456.140350877193,1,Low,2,3,107,1,0,0,23,0,0,0,136
01071,CESSY,5670.103092783505,21,High,1,5,447,2,0,2,73,1,0,5,536
01072,CEYZERIAT,2504.587155963303,143,High,41,44,2871,18,0,3,344,5,0,18,3344
01073,CEYZERIEU,2435.714285714286,9,Low,2,2,118,1,0,0,24,0,0,1,148
01074,CHALAMONT,2446.808510638298,81,High,7,5,409,1,0,1,62,1,0,2,488
01075,CHALEINS,2981.967875443437,4,Low,1,4,190,1,0,0,35,0,0,1,232
01077,CHALLES-LA-MONTAGNE,1574.527027027027,1,Low,1,0,24,0,0,0,3,0,0,0,28
01078,CHALLEX,4663.875205030072,4,Low,1,0,70,1,0,0,11,0,0,1,84
01079,CHAMPAGNE-EN-VALROMEY,2102.415966386555,4,Low,5,2,168,2,0,0,8,1,0,2,188
01080,CHAMPDOR-CORCELLES,892.8571428571429,1,Low,2,1,62,1,0,0,6,0,0,0,72
01081,CHAMPFROMIER,3064.285714285714,1,Low,3,3,91,1,0,0,10,0,0,0,108
01083,CHANEINS,2266.9082125603863,16,High,2,1,159,1,0,0,32,0,0,1,196
01084,CHANOZ-CHATENAY,1457.4664817383264,4,Low,1,0,94,1,0,0,20,0,0,0,116
01087,CHARIX,2745.5743879472693,4,Low,1,0,47,1,0,0,2,0,0,1,52
01088,CHARNOZ-SUR-AIN,3222.222222222222,9,Low,1,0,82,1,0,0,17,0,0,3,104
01089,CHATEAU-GAILLARD,2336.842105263158,25,High,1,2,303,1,2,0,53,0,1,1,364
01090,CHATENAY,1704.1873124999997,1,Low,1,0,48,1,0,0,9,0,0,1,60
01092,CHATILLON-LA-PALUD,2868.607462402437,16,High,2,4,185,1,0,0,30,0,0,2,224
01093,CHATILLON-SUR-CHALARONNE,2829.5454545454545,121,High,46,45,3726,22,2,4,491,4,0,8,4348
01094,CHAVANNES-SUR-REYSSOUZE,4600,1,Low,1,0,43,2,0,0,6,0,0,0,52
01095,"NIVIGNE ET SURAN",2136.3636363636365,9,Low,2,2,128,1,0,0,14,0,0,1,148
01096,CHAVEYRIAT,2104.6642899584076,4,Low,3,2,117,1,0,0,24,0,0,1,148
01098,CHAZEY-BONS,2562.5,25,High,2,0,178,1,0,1,32,0,0,2,216
01099,CHAZEY-SUR-AIN,2649.5726495726494,49,High,1,1,208,1,0,0,29,0,0,0,240
01100,CHEIGNIEU-LA-BALME,2405.6524738813323,16,High,1,0,21,0,0,0,2,0,0,0,24
01101,CHEVILLARD,1725.2747252747254,1,Low,6,7,450,3,0,0,53,1,0,0,520
01102,CHEVROUX,1757.8947368421052,25,High,2,2,207,2,0,0,34,0,0,1,248
01103,CHEVRY,4137.006802721089,4,Low,5,2,265,4,0,0,33,1,0,2,312
01104,CHEZERY-FORENS,2500,1,Low,6,6,370,3,0,0,49,0,0,2,436
01105,CIVRIEUX,2917.506828362286,16,High,9,8,714,2,0,1,121,1,0,4,860
01106,CIZE,1164.6362388469456,2,Low,4,4,392,2,0,1,59,1,0,5,468
01107,CLEYZIEU,861.1111111111111,1,Low,3,2,311,1,0,0,48,1,0,2,368
01108,COLIGNY,1763.6363636363637,42,High,7,8,509,4,0,0,69,2,0,1,600
01109,COLLONGES,4240.753424657534,110,High,14,10,715,4,0,2,92,2,1,4,844
01112,CONDAMINE-LA-DOYE,2474.226804123711,1,Low,5,4,498,3,0,0,102,1,0,3,616
01113,CONDEISSIAT,1918.3673469387754,9,Low,6,8,479,3,1,0,69,1,0,1,568
01114,CONFORT,3908.268733850129,4,Low,6,9,512,4,0,1,73,1,0,2,608
01115,CONFRANCON,2522.174688057041,16,High,9,9,783,4,0,3,112,1,0,3,924
01116,CONTREVOZ,1738.4615384615386,9,Low,4,6,569,3,0,0,98,0,0,0,680
01117,CONZIEU,2746.153846153846,1,Low,3,5,463,2,0,0,90,1,1,3,568
01118,CORBONOD,3805.7368421052633,1,Low,7,8,432,4,0,1,65,1,0,2,520
01123,CORMORANCHE-SUR-SAONE,1900,9,Low,8,9,695,5,0,1,94,1,0,3,816
01124,CORMOZ,761.9047619047619,1,Low,12,14,630,6,0,1,76,2,0,3,744
01125,CORVEISSIAT,625,6,Low,14,11,821,5,1,3,102,3,0,0,960
01127,COURMANGOUX,1514.2857142857142,9,Low,10,12,872,6,0,1,123,2,0,2,1028
01133,CRESSIN-ROCHEFORT,3567.901234567901,1,Low,1,0,61,1,0,0,8,0,0,1,72
01134,CROTTET,1792.4528301886792,9,Low,1,2,167,1,0,0,31,0,0,2,204
01135,CROZET,3444.4444444444443,1,Low,1,1,219,1,0,0,39,0,0,3,264
01136,CRUZILLES-LES-MEPILLAT,2076.923076923077,9,Low,1,0,100,1,0,0,18,0,0,0,120
01138,CULOZ-BEON,2347.1264367816093,90,High,34,23,2028,17,0,5,268,3,1,13,2392
01139,CURCIAT-DONGALON,1857.142857142857,1,Low,1,0,56,1,0,0,6,0,0,0,64
01140,CURTAFOND,2218.1410454686047,4,Low,1,0,86,1,0,0,11,0,0,1,100
01141,CUZIEU,2435.8490566037735,4,Low,1,0,36,0,0,0,6,0,0,1,44
01142,DAGNEUX,3009.7087378640776,121,High,5,3,733,5,3,2,103,1,1,8,864
01143,DIVONNE-LES-BAINS,5369.446343130554,2,Low,24,29,2603,17,0,4,307,4,0,20,3008
01145,DOMPIERRE-SUR-VEYLE,2463.9804639804643,36,High,2,1,150,1,0,0,34,0,0,0,188
01146,DOMPIERRE-SUR-CHALARONNE,1800,9,Low,1,0,33,0,0,0,6,0,0,0,40
01147,DOMSURE,1800,9,Low,1,0,60,1,0,0,10,0,0,0,72
01148,DORTAN,2183.9080459770116,16,High,2,1,172,2,0,0,23,1,0,3,204
01149,DOUVRES,2095.808383233533,9,Low,1,0,75,1,0,0,11,0,0,0,88
01150,DROM,2254,1,Low,1,0,22,1,0,0,0,0,0,0,24
01151,DRUILLAT,5234.375,1,Low,1,0,94,1,0,0,15,0,0,1,112
01152,ECHALLON,1836.8055555555557,4,Low,2,1,64,1,0,0,8,0,0,0,76
01153,ECHENEVEX,5611.04991861096,8,Low,1,1,125,1,0,0,15,0,0,1,144
01155,EVOSGES,2539.2156862745096,1,Low,1,0,40,1,0,0,2,0,0,0,44
01156,FARAMANS,2865.9435802292946,4,Low,1,1,107,1,0,0,21,0,0,1,132
01157,FAREINS,2492.285714285714,121,High,1,4,348,2,0,0,63,1,0,1,420
01158,FARGES,3974.7747747747744,16,High,2,1,65,1,0,0,11,0,0,0,80
01159,FEILLENS,1655.7096625057789,144,High,5,8,455,3,0,1,65,1,0,2,540
01160,FERNEY-VOLTAIRE,4717.0642848748375,4,Low,26,52,3619,20,0,16,448,9,6,28,4224
01163,FOISSIAT,1991.270178419711,100,High,2,6,205,1,0,0,38,0,0,0,252
01165,FRANCHELEINS,3091.1111111111113,25,High,2,2,135,1,0,0,27,0,0,1,168
01166,FRANS,3018.75,81,High,4,4,292,1,0,0,58,0,0,1,360
01167,GARNERANS,2083.3333333333335,9,Low,1,0,59,1,0,0,11,0,0,0,72
01170,BEARD-GEOVREISSIAT,2394.0476190476193,4,Low,2,0,79,1,0,0,16,0,0,2,100
01171,GEOVREISSET,2352.7676950998184,4,Low,1,0,56,0,0,0,14,0,0,1,72
01173,GEX,4933.298593017196,60,High,44,43,3440,25,0,10,500,9,12,17,4100
01175,GORREVOD,2150,1,Low,1,0,64,1,0,0,14,0,0,0,80
01179,GRIEGES,2459.6153846153848,16,High,1,2,258,2,1,0,43,1,0,0,308
01180,GRILLY,5279.0392156862745,1,Low,2,1,93,1,0,0,15,0,0,0,112
01183,GUEREINS,2804.1237113402062,25,High,3,3,162,2,0,0,34,0,0,0,204
01184,HAUTECOURT-ROMANECHE,1779.0109034267912,36,High,1,2,105,1,0,0,6,0,0,1,116
01185,"PLATEAU D'HAUTEVILLE",2206.5677966101694,90,High,46,27,2563,19,0,4,232,7,0,10,2908
01187,HAUT-VALROMEY,1363.6842105263158,6,Low,4,2,183,1,0,0,22,0,0,0,212
01188,ILLIAT,2474.226804123711,1,Low,1,0,61,1,0,0,13,0,0,0,76
01189,INJOUX-GENISSIAT,3555.5555555555557,4,Low,3,1,102,1,0,0,9,0,0,0,116
01192,IZERNORE,2330.097087378641,20,High,4,3,232,1,1,0,38,1,0,0,280
01194,JASSANS-RIOTTIER,2993.575,144,High,7,4,832,4,1,2,126,2,0,6,984
01195,JASSERON,1920.2898550724638,25,High,2,1,232,1,0,0,29,0,0,3,268
01196,JAYAT,1388.888888888889,1,Low,2,4,142,1,0,1,26,0,0,0,176
01198,JOYEUX,2115,1,Low,1,1,33,1,0,0,4,0,0,0,40
01199,JUJURIEUX,2300,42,High,4,2,243,2,0,0,31,1,0,1,284
01200,LABALME,1031.3990461049284,4,Low,1,0,34,1,0,0,4,0,0,0,40
01202,LAGNIEU,2551.7241379310344,729,High,39,34,3491,24,10,4,507,7,0,28,4144
01203,LAIZ,2662.37776634071,4,Low,17,14,1183,8,8,3,182,3,0,6,1424
01204,"LE POIZAT-LALLEYRIAT",2530.120481927711,9,Low,15,11,1271,9,1,2,174,3,0,10,1496
01208,LAVOURS,2570.4828660436137,4,Low,1,0,18,0,0,0,1,0,0,0,20
01209,LEAZ,4343.3652530779755,2,Low,1,0,76,1,0,0,13,0,0,1,92
01210,LELEX,1650.5263157894738,9,Low,2,2,115,1,0,1,11,0,0,0,132
01211,LENT,1892.6315789473683,25,High,2,3,147,1,0,0,22,1,0,0,176
01212,LESCHEROUX,1772.2222222222222,4,Low,1,0,62,1,0,0,12,0,0,0,76
01213,LEYMENT,2246.4985994397757,36,High,2,1,157,2,0,0,26,0,0,0,188
01214,LEYSSARD,2650,1,Low,1,0,20,0,0,0,3,0,0,0,24
01215,SURJOUX-LHOPITAL,2419.3548387096776,1,Low,1,0,18,0,0,0,1,0,0,0,20
01216,LHUIS,3258.823529411765,1,Low,5,2,95,1,0,0,11,1,0,1,116
01224,LOYETTES,2866.8741988646766,36,High,4,2,413,2,0,0,91,1,0,3,516
01225,LURCY,558.4642408376964,1,Low,1,0,28,0,0,0,7,0,0,0,36
01227,MAGNIEU,2565.217391304348,6,Low,1,0,66,0,0,0,13,0,0,0,80
01229,MALAFRETAZ,1753.6608870967743,1,Low,1,3,198,1,0,0,29,0,0,0,232
01231,MANZIAT,1456.818181818182,16,High,2,3,209,2,0,0,30,1,0,1,248
01232,MARBOZ,2188.383934218849,56,High,3,7,323,3,0,0,43,1,0,0,380
01233,MARCHAMP,1159.4202898550725,1,Low,1,0,25,0,0,0,2,0,0,0,28
01235,MARLIEUX,1666.6666666666667,9,Low,2,2,157,3,0,0,23,0,0,1,188
01236,MARSONNAS,1777.9428904428905,56,High,1,3,81,1,0,0,13,0,0,1,100
01237,MARTIGNAT,2717.5,9,Low,2,3,171,2,0,0,32,0,0,2,212
01238,MASSIEUX,3149.509605662285,144,High,1,4,330,1,0,3,59,1,0,1,400
01239,MASSIGNIEU-DE-RIVES,2461.327737949525,16,High,1,1,84,1,0,0,11,0,0,2,100
01240,MATAFELON-GRANGES,1666.6666666666667,9,Low,1,1,64,1,0,0,8,0,0,1,76
01241,MEILLONNAS,2055.5555555555557,9,Low,2,5,138,1,0,0,14,0,0,0,160
01243,"MESSIMY SUR SAONE",2234.429166666667,4,Low,2,1,127,1,0,0,21,0,0,0,152
01244,MEXIMIEUX,2742.5271739130435,400,High,46,73,4648,29,6,6,663,7,1,25,5504
01245,BOHAS-MEYRIAT-RIGNAT,2212.5,25,High,1,1,91,1,0,0,18,0,0,0,112
01246,MEZERIAT,2079.646017699115,81,High,2,4,287,2,0,0,47,1,0,1,344
01247,MIJOUX,3358.6111111111113,4,Low,3,2,127,1,0,0,14,0,0,1,148
01248,MIONNAY,2652.1739130434785,1,Low,2,2,304,1,0,0,40,1,0,2,352
01249,MIRIBEL,3741.217391304348,361,High,14,27,1419,8,1,1,188,3,3,12,1676
01250,MISERIEUX,3607.6555023923447,64,High,1,1,181,1,0,0,27,1,0,0,212
01252,MOGNENEINS,2500,25,High,1,1,93,1,0,0,20,0,0,0,116
01254,MONTAGNAT,1867.6687396351576,16,High,2,5,378,1,0,0,70,0,0,0,456
01255,MONTAGNIEU,2978.723404255319,1,Low,1,0,52,1,0,0,10,0,0,0,64
01257,MONTANGES,1489.6827586206898,16,High,1,0,40,1,0,0,5,0,0,1,48
01258,MONTCEAUX,2464.5833333333335,9,Low,1,3,167,2,0,1,25,0,0,1,200
01260,"LE MONTELLIER",1860.4968152866243,1,Low,1,0,36,1,0,0,6,0,0,0,44
01261,MONTHIEUX,3818.181818181818,1,Low,1,0,79,1,0,0,9,0,0,2,92
01262,MONTLUEL,3416.378205128205,100,High,37,50,4389,26,11,5,658,7,1,28,5212
01263,MONTMERLE-SUR-SAONE,2605.2463409606266,64,High,6,7,455,3,0,0,67,1,0,1,540
01264,MONTRACOL,2380.9523809523807,25,High,1,0,90,1,0,0,12,0,0,0,104
01265,"MONTREAL LA CLUSE",1553.1158619440166,30,High,53,49,3119,25,14,4,426,8,0,14,3712
01266,MONTREVEL-EN-BRESSE,1776,42,High,49,49,3254,24,1,5,445,7,0,6,3840
01267,NURIEUX-VOLOGNAT,1694.2857142857142,9,Low,2,2,116,1,0,0,18,0,0,1,140
01268,MURS-ET-GELIGNIEUX,2084.782608695652,4,Low,1,0,56,0,0,0,7,0,0,0,64
01269,NANTUA,944.4444444444445,20,High,10,11,513,4,0,1,61,2,0,2,604
01272,NEUVILLE-LES-DAMES,1760,72,High,2,2,200,1,0,0,29,1,0,1,236
01273,NEUVILLE-SUR-AIN,2615.740740740741,30,High,2,0,179,1,0,1,25,0,0,0,208
01274,"LES NEYROLLES",2113.40206185567,1,Low,1,2,74,1,0,0,10,0,0,0,88
01275,NEYRON,2566.196344502908,4,Low,2,0,334,1,0,0,64,1,0,6,408
01276,NIEVROZ,4607.9620462046205,4,Low,1,2,192,1,0,0,36,0,0,0,232
01280,ORDONNAZ,2153.1593406593406,4,Low,1,1,38,0,0,0,4,0,0,0,44
01281,ORNEX,5457.364341085271,8,Low,3,5,261,2,0,1,38,1,0,1,312
01282,OUTRIAZ,1171.9730941704036,1,Low,1,0,23,1,0,0,3,0,0,0,28
01283,OYONNAX,2182.5396825396824,624,High,94,137,9203,69,21,21,1181,22,12,36,10796
01284,OZAN,2366.0042735042734,4,Low,2,1,70,1,0,0,9,0,0,1,84
01286,"PARVES ET NATTAGES",2273.9010989010985,16,High,1,1,90,1,0,0,14,0,0,1,108
01288,PERON,4027.777777777778,9,Low,3,3,232,2,0,1,33,1,0,1,276
01289,PERONNAS,1987.598235765838,360,High,8,6,878,3,1,3,124,2,7,4,1036
01290,PEROUGES,1663.0244755244755,4,Low,1,2,192,2,1,0,37,0,0,1,236
01291,PERREX,1850.166558711946,4,Low,1,1,77,1,0,0,16,0,0,0,96
01294,PEYRIEU,1335.7142857142858,16,High,1,2,119,1,0,0,20,0,0,1,144
01295,PEYZIEUX-SUR-SAONE,2449.718045112782,16,High,1,1,62,1,0,0,11,0,0,0,76
01296,PIRAJOUX,2758.3399261603377,4,Low,2,0,31,0,0,0,7,0,0,0,40
01297,PIZAY,3522.7272727272725,1,Low,1,1,66,1,0,0,14,0,0,1,84
01299,"LE PLANTAY",1768.716577540107,4,Low,1,0,60,1,0,0,10,0,0,0,72
01301,POLLIAT,2225.791920953211,64,High,23,37,2373,10,6,6,304,5,1,7,2772
01303,PONCIN,1560.672514619883,4,Low,26,52,3409,13,6,5,390,6,9,12,3928
01304,"PONT-D AIN",2047.244094488189,143,High,24,14,1160,8,0,2,146,2,0,4,1360
01305,PONT-DE-VAUX,1973.9440710314498,64,High,73,42,3548,30,2,7,462,8,1,3,4176
01306,PONT-DE-VEYLE,2500,9,Low,7,7,308,2,0,0,23,1,0,0,348
01307,PORT,1714.2857142857142,9,Low,1,1,153,1,1,1,26,0,0,0,184
01308,POUGNY,2263.3766233766237,4,Low,1,0,61,1,0,0,8,0,0,1,72
01313,PREVESSIN-MOENS,3700,1,Low,3,3,554,6,0,1,58,2,0,5,632
01314,PRIAY,2312,121,High,2,2,250,1,0,0,46,1,0,2,304
01318,RANCE,3863.6363636363635,1,Low,2,0,104,1,0,0,20,0,0,1,128
01319,RELEVANT,3108.108108108108,1,Low,1,0,64,1,0,0,9,0,0,1,76
01320,REPLONGES,2451.25,121,High,3,5,540,2,2,2,95,1,0,2,652
01321,REVONNAS,2000,1,Low,1,0,66,1,0,0,11,0,0,1,80
01322,REYRIEUX,3353.223140495868,143,High,2,5,664,4,1,0,122,1,0,5,804
01323,REYSSOUZE,2325.5813953488373,9,Low,1,2,99,1,0,0,21,0,0,0,124
01325,RIGNIEUX-LE-FRANC,3082.993966817496,4,Low,1,2,95,1,0,0,17,0,0,0,116
01328,ROMANS,2308.046875,1,Low,1,0,68,1,0,0,6,0,0,0,76
01332,SAINT-ANDRE-DE-BAGE,1802,72,High,1,0,75,1,0,0,11,0,0,0,88
01333,SAINT-ANDRE-DE-CORCY,3405.281668222845,64,High,26,25,2163,11,0,4,305,4,0,10,2548
01334,"SAINT-ANDRE-D HUIRIAT",2426.086956521739,1,Low,1,0,61,0,0,0,14,0,0,0,76
01335,SAINT-ANDRE-LE-BOUCHOUX,1000,9,Low,1,0,51,1,0,0,6,0,0,1,60
01336,SAINT-ANDRE-SUR-VIEUX-JONC,2480.6201550387595,25,High,1,1,108,1,0,0,16,0,0,1,128
01337,SAINT-BENIGNE,2473.684210526316,9,Low,1,0,137,1,1,2,22,0,0,0,164
01338,GROSLEE-SAINT-BENOIT,2343.5344827586205,4,Low,3,1,151,2,0,0,23,0,0,0,180
01339,SAINT-BERNARD,3142.8571428571427,36,High,2,2,129,1,0,0,24,0,0,2,160
01342,SAINTE-CROIX,2530.1724137931033,4,Low,1,1,63,2,0,0,9,0,0,0,76
01343,SAINT-CYR-SUR-MENTHON,2411.4285714285716,36,High,2,3,213,1,1,0,36,0,0,0,256
01344,SAINT-DENIS-LES-BOURG,2379.746835443038,156,High,2,4,738,3,1,1,84,2,1,4,840
01345,SAINT-DENIS-EN-BUGEY,2253.521126760563,25,High,2,4,236,1,0,0,36,1,0,0,280
01346,"SAINT-DIDIER-D AUSSIAT",2012.1951219512196,25,High,2,2,93,1,0,0,13,0,0,1,112
01347,SAINT-DIDIER-DE-FORMANS,3212.121212121212,9,Low,1,2,204,2,0,0,31,0,0,0,240
01348,SAINT-DIDIER-SUR-CHALARONNE,1815.2866242038217,20,High,4,7,438,3,0,1,73,1,0,1,528
01349,SAINT-ELOI,2722.222222222222,1,Low,1,0,35,1,0,0,7,0,0,0,44
01350,SAINT-ETIENNE-DU-BOIS,2203.7898936170213,30,High,5,9,360,2,0,1,44,1,0,2,424
01351,ST-ETIENNE-SUR-CHALARONNE,2561.904761904762,16,High,3,2,165,1,0,0,32,0,0,1,204
01352,"ST ETIENNE-SUR-REYSSOUZE",1469.305981595092,4,Low,1,0,60,1,0,0,14,0,0,0,76
01353,SAINTE-EUPHEMIE,2706.439393939394,12,High,1,2,169,1,0,0,37,0,0,2,212
01354,ST-GENIS-POUILLY,5384.615384615385,36,High,44,64,5121,29,11,9,643,9,4,34,5968
01356,SAINT-GEORGES-SUR-RENOM,2616.161616161616,1,Low,1,1,33,0,0,0,1,0,0,0,36
01360,ST-JEAN-DE-GONVILLE,5440.047619047619,1,Low,2,2,145,2,0,0,21,0,0,0,172
01361,SAINT-JEAN-DE-NIOST,2352.9411764705883,1,Low,2,6,156,1,0,0,25,0,0,2,192
01362,SAINT-JEAN-DE-THURIGNEUX,3688.59649122807,4,Low,1,1,102,1,0,0,18,0,0,1,124
01363,SAINT-JEAN-LE-VIEUX,2307.6923076923076,9,Low,2,4,258,2,0,0,38,0,0,0,304
01365,SAINT-JEAN-SUR-VEYLE,2030.8136004857315,4,Low,2,1,87,1,0,0,13,0,0,0,104
01366,SAINTE-JULIE,2867.132867132867,1,Low,1,0,129,1,0,0,16,0,0,1,148
01367,SAINT-JULIEN-SUR-REYSSOUZE,750,28,High,3,2,114,1,0,0,13,1,0,2,136
01368,SAINT-JULIEN-SUR-VEYLE,1702.7093596059112,4,Low,1,2,86,1,0,0,14,0,0,0,104
01369,SAINT-JUST,2745.098039215686,25,High,2,1,111,1,0,0,13,0,0,0,128
01371,SAINT-MARCEL-EN-DOMBES,2847.222222222222,1,Low,2,1,92,1,0,0,15,0,0,1,112
01372,SAINT-MARTIN-DE-BAVEL,3007.9166666666665,4,Low,1,0,51,1,0,0,10,0,1,0,64
01373,ST-MARTIN-DU-FRESNE,2416.445690973993,4,Low,2,3,240,1,0,0,25,1,0,0,272
01374,SAINT-MARTIN-DU-MONT,2921.8931475029035,4,Low,3,3,184,1,0,0,28,0,0,1,220
01375,SAINT-MARTIN-LE-CHATEL,1279.0697674418604,25,High,1,0,44,1,0,0,6,0,0,0,52
01376,SAINT-MAURICE-DE-BEYNOST,3343.5294117647063,16,High,3,6,566,2,1,1,71,1,0,17,668
01378,SAINT-MAURICE-DE-GOURDANS,850.2994011976048,1,Low,2,2,294,1,0,0,46,1,0,2,348
01379,SAINT-MAURICE-DE-REMENS,2059.3406593406594,16,High,2,2,86,1,0,0,13,0,0,0,104
01380,SAINT-NIZIER-LE-BOUCHOUX,1319.4444444444443,16,High,2,3,84,1,0,0,9,0,1,0,100
01383,SAINT-PAUL-DE-VARAX,2505.050505050505,49,High,2,2,165,1,0,0,18,1,0,3,192
01384,SAINT-RAMBERT-EN-BUGEY,1634.6153846153845,42,High,8,4,356,2,0,1,46,1,0,2,420
01385,SAINT-REMY,2386.875224739302,4,Low,1,2,89,1,0,0,14,0,0,1,108
01386,SAINT-SORLIN-EN-BUGEY,2299.5726495726494,16,High,1,2,127,1,0,0,10,0,0,3,144
01389,SAINT-TRIVIER-SUR-MOIGNANS,3458.3333333333335,1,Low,5,2,286,1,0,0,52,1,0,1,348
01390,SAINT-VULBAS,2761.904761904762,4,Low,4,2,289,1,7,0,38,0,0,3,344
01391,SALAVRE,1256.753218645949,4,Low,1,1,31,0,0,0,7,0,0,0,40
01392,SAMOGNAT,2086.5384615384614,25,High,1,0,56,0,0,0,7,0,0,0,64
01393,SANDRANS,3402.4229691876753,16,High,1,1,81,1,0,0,15,0,0,1,100
01396,SAULT-BRENAZ,1680.672268907563,1,Low,2,2,151,1,0,0,26,1,0,1,184
01397,SAUVERNY,5360.977564102564,2,Low,1,0,50,1,0,0,8,0,0,0,60
01398,SAVIGNEUX,2393.2645897323387,16,High,2,3,198,1,0,0,39,0,0,1,244
01399,SEGNY,4832.682407243032,8,Low,1,6,233,1,0,1,27,1,0,2,272
01402,SERMOYER,2145.430107526882,4,Low,31,66,4426,33,12,10,576,10,6,14,5184
01403,SERRIERES-DE-BRIORD,1333.48,1,Low,2,4,259,1,0,0,36,1,1,0,304
01404,SERRIERES-SUR-AIN,2107.843137254902,1,Low,1,0,20,0,0,0,3,0,0,0,24
01405,SERVAS,2930.5825242718447,4,Low,1,1,124,1,1,1,18,0,0,1,148
01407,SEYSSEL,3333.3333333333335,25,High,3,2,145,1,0,0,16,1,0,0,168
01408,SIMANDRE-SUR-SURAN,1047.2582972582973,36,High,3,1,92,1,0,0,10,0,0,1,108
01411,SOUCLIN,1136.6666666666665,2,Low,1,0,22,1,0,0,4,0,0,0,28
01412,SULIGNAT,3114.285714285714,9,Low,1,2,65,1,0,0,7,0,0,0,76
01416,TENAY,727.1374458874459,12,High,2,3,150,2,0,0,16,1,0,2,176
01418,THIL,3529.4117647058824,9,Low,2,2,120,1,0,0,21,0,0,2,148
01419,THOIRY,5189.380530973452,28,High,5,11,797,2,1,2,91,2,0,1,912
01420,THOISSEY,2144.968891402715,4,Low,5,4,360,3,0,0,38,1,0,1,412
01421,TORCIEU,1588.235294117647,9,Low,1,0,88,1,0,0,14,0,0,0,104
01422,TOSSIAT,2581.6831683168316,4,Low,2,3,184,1,0,0,21,1,0,0,212
01423,TOUSSIEUX,1949.7435897435898,1,Low,2,2,85,1,0,0,9,0,0,1,100
01424,TRAMOYES,3700.996835443038,48,High,2,3,211,1,1,0,36,0,0,2,256
01425,"LA TRANCLIERE",3076.923076923077,1,Low,1,0,43,1,0,0,7,0,0,0,52
01426,VAL-REVERMONT,2147.7988878591286,196,High,4,5,369,1,0,0,42,1,0,2,424
01427,TREVOUX,3307.6923076923076,272,High,18,17,1100,5,2,1,149,2,0,6,1300
01429,VANDEINS,2216.6666666666665,1,Low,1,0,62,1,0,0,12,0,0,0,76
01430,VARAMBON,3333.3333333333335,1,Low,1,0,60,1,0,0,9,0,0,1,72
01431,VAUX-EN-BUGEY,2278.481012658228,81,High,2,2,115,1,0,0,15,0,0,1,136
01432,VERJON,1829.9460734748905,4,Low,2,0,33,0,0,0,5,0,0,0,40
01434,VERSAILLEUX,1875,1,Low,1,0,52,1,0,0,6,0,0,0,60
01441,"VIEU-D IZENAVE",2260.869565217391,4,Low,3,1,91,1,0,0,20,0,0,0,116
01443,VILLARS-LES-DOMBES,2672.5,169,High,36,21,2090,13,0,6,285,4,2,7,2464
01444,VILLEBOIS,2166.6666666666665,25,High,3,1,113,1,0,0,18,0,0,0,136
01445,VILLEMOTIER,1838.4615384615386,4,Low,1,1,50,1,0,0,7,0,0,0,60
01446,VILLENEUVE,2249.1496598639455,16,High,2,2,191,1,0,0,46,0,0,2,244
01447,VILLEREVERSURE,1719.356796116505,16,High,4,1,214,1,0,0,22,1,0,1,244
01449,VILLETTE-SUR-AIN,4183.823529411765,4,Low,1,0,98,1,0,0,12,0,0,0,112
01450,VILLIEU-LOYES-MOLLON,2867.12447176335,100,High,2,4,436,2,0,0,87,1,1,3,536
01451,VIRIAT,2553.030303030303,42,High,8,24,1107,3,1,1,150,2,2,6,1304
01452,VIRIEU-LE-GRAND,1956.5217391304348,25,High,4,5,199,1,0,0,21,1,0,1,232
01454,VIRIGNIN,2921.3483146067415,9,Low,2,1,162,1,0,0,29,0,0,1,196
01457,VONNAS,2504.6728971962616,121,High,30,19,1769,15,0,5,270,3,2,7,2120
02001,ABBECOURT,1027.142857142857,6,Low,1,0,46,1,0,0,7,0,0,1,56
02003,ACY,1360,16,High,1,1,78,1,0,0,7,0,0,0,88
02004,"AGNICOURT ET SECHELLES",569.6969696969697,2,Low,1,0,15,0,0,0,4,0,0,0,20
02007,AIZELLES,2364.864864864865,1,Low,1,0,10,0,0,0,1,0,0,0,12
02008,AIZY-JOUY,820.7547169811321,1,Low,1,0,15,0,0,0,4,0,0,0,20
02009,ALAINCOURT,600,1,Low,1,0,61,1,0,0,5,0,0,0,68
02011,AMBLENY,3428.5714285714284,9,Low,3,2,162,1,0,0,18,1,0,1,188
02013,AMIFONTAINE,1530.1020408163265,1,Low,2,0,62,1,0,0,10,0,0,1,76
02014,"AMIGNY ROUY",1457.8702507107778,4,Low,1,1,59,1,0,0,10,0,0,0,72
02017,"ANGUILCOURT LE SART",740.7407407407408,6,Low,1,0,21,1,0,0,1,0,0,0,24
02018,"ANIZY LE GRAND",1282.051282051282,49,High,7,5,355,4,0,1,32,1,2,1,408
02020,"ANY MARTIN RIEUX",1610.1694915254238,1,Low,2,0,44,1,0,0,9,0,0,0,56
02021,ARCHON,850,9,Low,1,0,9,0,0,0,2,0,0,0,12
02022,ARCY-SAINTE-RESTITUE,1187.6162790697674,4,Low,1,0,30,0,0,0,5,0,0,0,36
02023,"ARMENTIERES SUR OURCQ",900,1,Low,1,0,17,0,0,0,2,0,0,0,20
02025,ARTEMPS,2134.8314606741574,1,Low,1,0,40,1,0,0,6,0,0,0,48
02027,"ASSIS SUR SERRE",1244.7916666666667,1,Low,1,1,27,0,0,0,3,0,0,0,32
02028,"ATHIES SOUS LAON",1513.5053954833684,100,High,2,6,230,2,0,0,30,1,0,1,272
02029,ATTILLY,1551.7241379310344,1,Low,1,0,6,0,0,0,1,0,0,0,8
02031,AUBENTON,670.9282178217823,12,High,2,2,121,1,0,0,14,0,0,0,140
02032,AUBIGNY-AUX-KAISNES,1058.8235294117646,1,Low,1,1,41,1,0,0,4,0,0,0,48
02035,AUDIGNY,889.2885691446843,4,Low,1,0,24,1,0,0,2,0,0,0,28
02037,"AULNOIS SOUS LAON",1358.7662337662337,16,High,3,2,102,2,0,0,10,1,0,0,120
02040,AUTREPPES,1417.7570093457944,1,Low,1,0,10,0,0,0,1,0,0,0,12
02041,AUTREVILLE,1558.7232905982905,4,Low,1,0,69,1,0,1,12,0,0,0,84
02042,"AZY SUR MARNE",1732.7610703291498,12,High,1,0,37,0,0,0,6,0,0,0,44
02049,BARISIS-AUX-BOIS,1693.0179610422465,4,Low,2,0,52,1,0,0,5,0,0,0,60
02051,"BARZY SUR MARNE",1152.9411764705883,6,Low,1,0,16,0,0,0,3,0,0,0,20
02052,"BASSOLES AULERS",1020.6185567010309,1,Low,1,0,9,0,0,0,2,0,0,0,12
02053,"VALLEES EN CHAMPAGNE",1422.4137931034484,9,Low,1,0,43,0,0,0,8,0,0,0,52
02054,BAZOCHES-ET-SAINT-THIBAUT,1503.4965034965035,1,Low,2,1,39,1,0,0,5,0,0,0,48
02056,"BEAUMONT EN BEINE",1675.438596491228,1,Low,1,0,10,0,0,0,1,0,0,0,12
02057,BEAUREVOIR,812.5261542753522,12,High,2,2,172,3,0,0,12,1,0,0,192
02058,BEAURIEUX,1247.2826086956522,4,Low,5,4,173,1,0,0,20,1,0,0,204
02059,BEAUTOR,1213.582251082251,36,High,3,1,210,4,0,1,20,1,0,0,240
02060,BEAUVOIS-EN-VERMANDOIS,2094.7368421052633,1,Low,1,1,34,0,0,0,4,0,0,0,40
02063,BELLENGLISE,534.6320346320347,4,Low,1,0,44,0,0,0,7,0,0,0,52
02064,BELLEU,1601.098901098901,169,High,2,5,355,3,0,1,28,2,0,4,400
02065,BELLICOURT,1364.8170569198553,4,Low,3,0,64,1,0,0,8,0,0,0,76
02066,BENAY,1749,1,Low,1,0,13,0,0,0,2,0,0,0,16
02068,BERLANCOURT,539.5,1,Low,1,0,6,0,0,0,1,0,0,0,8
02070,BERNOT,1938.7755102040817,1,Low,1,0,25,1,0,0,5,0,0,0,32
02071,"BERNY RIVIERE",1379.5620437956204,9,Low,1,2,103,1,0,0,9,0,0,0,116
02073,"BERRY AU BAC",1591.366525423729,12,High,2,1,52,1,0,0,8,0,0,0,64
02074,"BERTAUCOURT EPOURDON",1654.7619047619048,1,Low,1,0,46,1,0,0,8,0,0,0,56
02081,"BETHANCOURT EN VAUX",1658.5365853658536,1,Low,1,1,27,1,0,0,2,0,0,0,32
02083,BEUVARDES,2188.5245901639346,1,Low,1,1,91,1,0,0,10,0,0,0,104
02086,BICHANCOURT,1407.4074074074074,9,Low,1,0,59,1,0,0,10,0,0,1,72
02087,BIEUXY,1363.6363636363637,1,Low,1,0,3,0,0,0,0,0,0,0,4
02089,"BILLY SUR AISNE",1680.330290010741,36,High,1,0,122,1,0,0,19,0,0,1,144
02093,BLERANCOURT,850.2970297029703,6,Low,2,3,207,1,0,1,21,1,0,0,236
02094,BLESMES,1966.1812297734627,4,Low,1,0,59,0,0,0,8,0,0,0,68
02095,BOHAIN-EN-VERMANDOIS,560.3239417449299,180,High,67,48,3102,38,0,7,311,11,2,6,3592
02098,BONNEIL,959.3023255813954,1,Low,1,0,16,0,0,0,3,0,0,0,20
02101,"BOSMONT SUR SERRE",882.7586206896551,1,Low,6,4,301,2,0,1,32,1,0,1,348
02103,BOUE,1753.2467532467533,9,Low,6,9,472,3,2,1,37,2,0,4,536
02105,BOURESCHES,915.4200230149597,4,Low,4,0,184,2,0,0,23,0,0,3,216
02106,"BOURG ET COMIN",1237.5,1,Low,10,7,456,3,0,3,40,3,0,2,524
02110,BRAINE,1474.025974025974,81,High,15,7,656,6,1,3,52,3,1,4,748
02111,"BRANCOURT EN LAONNOIS",3521.662245800177,2,Low,6,3,296,3,0,1,32,1,0,2,344
02114,BRASLES,1784.1651812240048,16,High,9,6,510,5,1,2,56,1,0,2,592
02117,BRAY-SAINT-CHRISTOPHE,1523.8095238095239,1,Low,14,5,620,7,4,3,41,1,0,1,696
02118,BRAYE,1767.6767676767677,1,Low,12,7,609,6,0,3,56,2,2,3,700
02119,BRECY,773.4054054054054,4,Low,15,16,890,7,1,3,72,3,0,1,1008
02121,BRENY,683.3333333333334,1,Low,1,0,13,0,0,0,2,0,0,0,16
02123,"BRISSAY CHOIGNY",1506.849315068493,1,Low,1,0,27,1,0,0,3,0,0,0,32
02124,BRISSY-HAMEGICOURT,1119.402985074627,1,Low,1,0,43,1,0,0,7,0,0,0,52
02126,BRUNEHAMEL,452.28654507005024,4,Low,2,3,86,1,0,0,10,1,0,1,104
02128,"BRUYERES ET MONTBERAULT",1254.7348484848485,56,High,2,3,182,1,0,0,22,1,0,1,212
02131,"BUCY LE LONG",1791.6666666666667,81,High,2,2,208,2,0,0,29,1,0,0,244
02132,"BUCY LES CERNY",1510.752688172043,1,Low,1,0,14,0,0,0,1,0,0,0,16
02134,BUIRE,1563.913043478261,16,High,1,0,110,1,1,1,9,0,0,1,124
02135,BUIRONFOSSE,417.07165109034264,2,Low,2,2,104,1,0,0,10,1,0,0,120
02136,BURELLES,800,1,Low,1,0,12,0,0,0,3,0,0,0,16
02138,BUZANCY,1584.4155844155844,1,Low,1,0,27,0,0,0,3,0,0,1,32
02139,"CAILLOUEL CREPIGNY",1113.9705882352941,4,Low,1,0,39,1,0,0,3,0,0,0,44
02141,"LA CAPELLE",937.5,20,High,8,3,369,4,0,1,27,2,1,1,416
02142,CASTRES,591.3978494623656,1,Low,1,0,16,0,0,0,3,0,0,0,20
02151,"CERNY LES BUCY",2422.8650137741047,4,Low,1,0,27,0,0,0,4,0,0,0,32
02157,CHAMBRY,1419.9029126213593,9,Low,1,6,209,1,0,2,17,0,0,0,236
02158,CHAMOUILLE,822.6744186046511,1,Low,1,1,117,1,0,0,4,0,0,0,124
02159,CHAMPS,945.9459459459459,1,Low,1,0,13,0,0,0,2,0,0,0,16
02160,CHAOURSE,423.0769230769231,10,High,1,1,49,1,0,0,4,0,0,0,56
02162,"LA CHAPELLE SUR CHEZY",1584.9781286674493,4,Low,1,0,28,0,0,0,7,0,0,0,36
02163,"CHARLY SUR MARNE",1685.1829268292681,12,High,27,14,1490,13,0,4,169,3,0,12,1732
02165,CHARMES,1044.88011988012,16,High,2,3,163,4,0,1,22,1,0,0,196
02166,CHARTEVES,2299.479166666667,4,Low,1,0,23,0,0,0,4,0,0,0,28
02167,CHASSEMY,1440.8602150537633,9,Low,1,1,67,1,0,0,10,0,0,0,80
02168,"CHATEAU THIERRY",1844.5305091733662,756,High,102,123,8302,56,20,19,805,19,15,47,9508
02173,CHAUNY,1117.3938002296213,1804,High,85,69,5746,61,8,14,636,18,15,16,6668
02174,CHAVIGNON,941.4812646370024,4,Low,2,2,85,1,0,0,10,0,0,0,100
02176,CHAVONNE,2150.6493506493507,4,Low,2,0,25,1,0,0,4,0,0,0,32
02179,"CHERY CHARTREUVE",1024.6153846153845,6,Low,1,0,24,0,0,0,7,0,0,0,32
02180,"CHERY LES POUILLY",914.5021645021644,4,Low,1,0,49,1,0,0,5,0,0,0,56
02185,"CHEZY EN ORXOIS",2615.740740740741,1,Low,1,0,57,1,0,0,5,0,0,0,64
02186,"CHEZY SUR MARNE",2009.3406593406594,16,High,2,4,187,1,0,0,16,1,0,1,212
02187,CHIERRY,2803.0459770114944,9,Low,1,2,111,2,0,0,15,0,0,1,132
02188,CHIGNY,1169.6969696969697,4,Low,1,0,10,0,0,0,1,0,0,0,12
02191,"CHIVY LES ETOUVELLES",1075.595238095238,4,Low,1,0,38,1,0,0,8,0,0,0,48
02192,CHOUY,1938.7755102040817,1,Low,1,0,41,0,0,0,6,0,0,0,48
02195,"CIRY SALSOGNE",1372.5533943554537,4,Low,2,1,87,1,0,0,13,0,0,0,104
02196,"CLACY ET THIERRET",2054.794520547945,1,Low,1,0,43,0,0,0,6,0,0,2,52
02198,CLAMECY,1826.923076923077,1,Low,1,0,6,0,0,0,1,0,0,0,8
02199,CLASTRES,865.3846153846154,9,Low,2,0,61,1,0,0,8,0,0,0,72
02203,"COINCY L ABBAYE",808.6734693877551,9,Low,18,11,1294,14,3,7,101,5,4,7,1464
02207,COMMENCHON,1593.4959349593496,1,Low,1,0,7,0,0,0,0,0,0,0,8
02209,"CONDE EN BRIE",708.3333333333334,20,High,5,5,169,2,0,0,14,1,0,0,196
02216,CORCY,1578.9473684210527,1,Low,1,0,21,0,0,0,1,0,0,1,24
02217,"COUCY LE CHATEAU AUFFRIQUE",1079.646017699115,9,Low,5,2,167,3,0,0,8,1,1,1,188
02220,COULONGES-COHAN,1568.6274509803923,1,Low,2,0,67,1,0,0,10,0,0,0,80
02221,COUPRU,3025.7181571815718,4,Low,1,0,9,0,0,0,2,0,0,0,12
02223,COURBOIN,1866.6958041958042,4,Low,1,0,22,0,0,0,5,0,0,0,28
02224,"COURCELLES SUR VESLE",1470.5882352941176,1,Low,1,1,36,1,0,0,5,0,0,0,44
02226,COURMELLES,1652.6881720430108,72,High,2,1,100,1,0,0,12,0,0,0,116
02230,COUVRELLES,3529.4117647058824,1,Low,1,0,36,0,0,0,7,0,0,0,44
02231,"COUVRON ET AUMENCOURT",1092.6666666666667,1,Low,2,1,70,1,0,0,6,0,0,0,80
02232,COYOLLES,2364.4688644688645,4,Low,1,0,68,0,0,0,2,0,0,1,72
02234,CRAONNE,943.3962264150944,1,Low,1,1,14,0,0,0,0,0,0,0,16
02236,"CRECY AU MONT",1643.6781609195402,1,Low,1,0,37,1,0,0,5,0,0,0,44
02237,"CRECY SUR SERRE",645.5314009661836,16,High,7,6,245,2,0,1,17,1,0,1,280
02238,CREPY,1497.7896481856696,16,High,3,3,191,1,0,0,19,1,0,2,220
02239,CREZANCY,1929.8245614035088,1,Low,2,3,159,1,0,1,21,1,0,0,188
02241,"LA CROIX SUR OURCQ",2500,1,Low,1,0,15,0,0,0,4,0,0,0,20
02242,CROUTTES-SUR-MARNE,1600,1,Low,1,0,35,1,0,0,6,0,0,1,44
02243,CROUY,1695.3125,42,High,2,3,277,1,0,2,32,1,0,2,320
02244,CRUPILLY,1537.037037037037,1,Low,1,0,3,0,0,0,0,0,0,0,4
02245,CUFFIES,1200,35,High,1,0,236,2,0,0,27,1,0,1,268
02246,CUGNY,2325.5813953488373,1,Low,1,0,43,1,0,0,7,0,0,0,52
02254,CUTRY,1976.7441860465117,1,Low,1,0,16,0,0,0,3,0,0,0,20
02257,DALLON,1665.3355989804588,4,Low,1,0,29,0,0,0,6,0,0,0,36
02258,DAMMARD,3222.222222222222,1,Low,1,0,39,1,0,0,3,0,0,0,44
02259,DAMPLEUX,1456.8345323741007,1,Low,1,0,30,1,0,0,4,0,0,0,36
02260,DANIZY,1624,1,Low,1,0,18,1,0,0,4,0,0,0,24
02261,DERCY,667.0370370370371,1,Low,2,0,24,0,0,0,2,0,0,0,28
02264,"DIZY LE GROS",986.1111111111111,9,Low,2,0,98,1,0,0,14,1,0,0,116
02268,DOMPTIN,2790.6976744186045,1,Low,1,0,55,1,0,0,11,0,0,0,68
02277,EPAGNY,1723.125,1,Low,1,0,24,0,0,0,3,0,0,0,28
02279,"EPAUX BEZU",1764.7058823529412,9,Low,1,1,44,1,1,0,4,0,0,0,52
02281,"L EPINE AUX BOIS",985.4196301564723,4,Low,1,0,33,0,0,0,6,0,0,0,40
02282,EPPES,1389.6103896103896,1,Low,1,0,44,1,0,0,6,0,0,0,52
02286,ESQUEHERIES,833.3333333333334,2,Low,2,2,49,1,0,0,5,0,0,1,60
02287,"ESSIGNY LE GRAND",1454.2062415196744,16,High,2,2,127,1,0,0,15,1,0,0,148
02288,"ESSIGNY LE PETIT",1613.3333333333333,1,Low,1,0,43,1,0,0,11,0,0,0,56
02289,ESSISES,1609.250398724083,4,Low,1,0,21,0,0,0,2,0,0,0,24
02290,"ESSOMES SUR MARNE",1676.056338028169,81,High,2,6,287,2,0,1,30,1,5,2,336
02292,"ETAMPES SUR MARNE",2294.050343249428,4,Low,3,1,132,1,0,1,17,1,0,0,156
02294,ETOUVELLES,1585.858585858586,1,Low,1,0,23,0,0,0,4,0,0,0,28
02295,ETREAUPONT,639.5061728395062,18,High,2,3,125,1,0,0,16,1,0,0,148
02296,ETREILLERS,878.0890628823097,4,Low,2,3,120,1,0,0,13,1,0,0,140
02297,ETREPILLY,2290.909090909091,1,Low,1,0,26,0,0,0,1,0,0,0,28
02298,ETREUX,650.4065040650406,15,High,4,3,186,1,0,0,13,1,0,0,208
02299,EVERGNICOURT,2659.1688905833016,4,Low,1,0,41,1,0,0,5,0,0,0,48
02303,FAYET,3563.2183908045977,1,Low,1,2,335,1,0,1,16,0,0,0,356
02304,"LA FERE",602.5641025641025,50,High,8,6,574,5,0,2,52,2,0,3,652
02305,"FERE EN TARDENOIS",1057.5880758807589,8,Low,30,12,1190,10,0,5,131,4,0,2,1384
02307,"LA FERTE-MILON",1697.6,63,High,4,4,285,2,0,1,24,1,0,3,324
02308,FESMY-LE-SART,841.1214953271028,6,Low,2,2,45,1,0,0,6,0,0,0,56
02309,FESTIEUX,834.5081453634085,30,High,2,0,51,1,0,0,6,0,0,0,60
02310,FIEULAINE,470.2380952380952,2,Low,1,0,16,0,0,0,3,0,0,0,20
02312,"LA FLAMENGRIE",1643.2748538011697,4,Low,1,1,115,1,0,0,22,0,0,0,140
02315,"FLAVY LE MARTEL",1863.4868421052631,16,High,4,3,175,2,0,1,13,1,0,1,200
02316,FLEURY,2351.5151515151515,4,Low,1,0,13,0,0,0,1,0,0,1,16
02317,FLUQUIERES,1477.2727272727273,1,Low,1,0,21,0,0,0,2,0,0,0,24
02318,FOLEMBRAY,1000,9,Low,2,2,127,1,0,0,11,1,0,0,144
02324,FONTENELLE,652.8542303771661,4,Low,1,0,9,0,0,0,1,0,0,1,12
02327,FORESTE,2855.714285714286,1,Low,1,0,23,0,0,0,4,0,0,0,28
02328,FOSSOY,1290.3225806451612,1,Low,1,0,35,1,0,0,3,0,0,0,40
02330,"FRANCILLY SELENCY",1390.476661392405,4,Low,1,1,45,1,0,0,4,0,0,0,52
02332,FRESNES-EN-TARDENOIS,2500,1,Low,1,0,23,0,0,0,4,0,0,0,28
02333,"FRESNES SOUS COUCY",544.973544973545,1,Low,1,0,17,0,0,0,2,0,0,0,20
02334,"FRESNOY LE GRAND",1670.4654761904762,30,High,4,3,300,4,0,1,25,1,1,1,340
02336,"FRIERES FAILLOUEL",916.6666666666666,9,Low,1,0,71,1,0,0,10,0,0,1,84
02338,"FROIDMONT COHARTILLE",596.969696969697,1,Low,1,1,24,0,0,0,2,0,0,0,28
02339,GANDELU,1894.7368421052631,9,Low,2,1,86,1,0,0,5,0,0,1,96
02340,GAUCHY,1394.6143617021276,324,High,4,1,565,7,1,1,68,2,0,3,652
02346,GIZY,1401.8691588785048,6,Low,2,0,40,1,0,0,9,0,0,0,52
02347,GLAND,1401.5151515151515,9,Low,1,1,34,0,0,0,4,0,0,0,40
02352,GOUY,964.5390070921985,4,Low,2,0,48,1,0,0,9,0,0,0,60
02353,"GRANDLUP ET FAY",1402.439024390244,1,Low,1,0,23,0,0,0,3,0,0,1,28
02355,GRICOURT,1520,9,Low,1,1,77,1,0,0,12,0,0,0,92
02359,GRUGIES,1380.952380952381,25,High,2,0,64,1,0,0,9,0,0,0,76
02360,"VILLENEUVE SUR AISNE",2007.3684210526317,121,High,29,11,1148,11,2,2,97,3,0,9,1312
02361,GUISE,1083.3333333333333,180,High,106,49,3524,37,2,9,316,10,0,7,4060
02362,GUIVRY,1666.6666666666667,1,Low,1,0,21,0,0,0,2,0,0,0,24
02363,GUNY,1282.6492537313434,1,Low,1,0,53,1,0,0,9,0,0,0,64
02364,GUYENCOURT,2284.2105263157896,1,Low,1,0,19,0,0,0,4,0,0,0,24
02366,HANNAPES,1283.3333333333335,4,Low,1,0,14,0,0,0,1,0,0,0,16
02368,HARAMONT,1230.9465811965813,2,Low,1,0,46,1,0,0,7,0,0,1,56
02369,HARCIGNY,1500,1,Low,1,0,12,0,0,0,3,0,0,0,16
02370,HARGICOURT,1455.6962025316457,1,Low,3,0,75,1,0,0,9,0,0,0,88
02371,HARLY,1098.901098901099,36,High,1,1,157,2,0,1,19,1,2,0,184
02372,"HARTENNES ET TAUX",1830.9859154929577,1,Low,2,1,55,1,0,0,5,0,0,0,64
02374,LEHAUCOURT,1087.818679245283,4,Low,2,2,76,1,0,0,10,0,0,1,92
02375,HAUTEVESNES,1405.2287581699347,1,Low,1,0,18,0,0,0,5,0,0,0,24
02381,HIRSON,740.3928571428571,1872,High,107,45,4258,46,5,13,377,14,10,21,4896
02382,HOLNON,1649.20625,16,High,3,3,166,1,0,0,14,1,0,0,188
02383,HOMBLIERES,1086.9565217391305,49,High,2,1,132,1,0,0,15,1,0,0,152
02387,ITANCOURT,1503.225806451613,9,Low,1,1,108,1,0,0,9,0,0,0,120
02389,JAULGONNE,2045.1530612244896,16,High,2,4,125,0,0,0,7,1,0,1,140
02391,JEANTES,1153.7541846006695,16,High,1,0,6,0,0,0,1,0,0,0,8
02392,JONCOURT,544.7619047619048,1,Low,2,0,32,0,0,0,2,0,0,0,36
02395,JUMENCOURT,1318.6813186813188,1,Low,1,0,6,0,0,0,1,0,0,0,8
02397,JUSSY,1100,1,Low,2,2,102,1,0,1,12,0,0,0,120
02399,"JUVINCOURT ET DAMARY",1752.8813559322034,9,Low,1,0,35,1,0,0,7,0,0,0,44
02401,LAIGNY,617.9775280898876,1,Low,28,57,3496,22,10,10,315,8,10,20,3976
02403,"LANDIFAY ET BERTAIGNEMONT",3340.909090909091,1,Low,44,69,4151,26,8,10,391,10,15,12,4736
02404,"LANDOUZY LA COUR",2740.740740740741,1,Low,49,88,5952,31,11,13,578,18,21,39,6800
02405,"LANDOUZY LA VILLE",909.0909090909091,1,Low,2,0,42,1,0,0,7,0,0,0,52
02407,LANISCOURT,953.2142857142857,1,Low,1,0,10,0,0,0,1,0,0,0,12
02408,LAON,1151.8987341772151,2750,High,254,178,12943,104,16,27,1265,30,33,46,14896
02411,LATILLY,1611.111111111111,1,Low,1,0,27,0,0,0,4,0,0,0,32
02413,"LAVAL EN LAONNOIS",1523.3333333333333,1,Low,1,1,19,0,0,0,3,0,0,0,24
02414,LAVAQUERESSE,932.2033898305085,1,Low,1,0,12,0,0,0,3,0,0,0,16
02415,LAVERSINE,1677.4193548387098,1,Low,1,0,29,0,0,0,6,0,0,0,36
02416,LEME,555.5555555555555,6,Low,2,0,31,1,0,0,2,0,0,0,36
02420,LESDINS,1281.9850831899025,4,Low,1,2,79,1,0,0,12,1,0,0,96
02422,"LESQUIELLES SAINT GERMAIN",597.34702610184,8,Low,2,0,31,1,0,0,2,0,0,0,36
02423,LEUILLY-SOUS-COUCY,877.1428571428571,1,Low,1,1,36,1,0,0,5,0,0,0,44
02427,LHUYS,1388.888888888889,1,Low,1,0,15,0,0,0,4,0,0,0,20
02428,"LICY CLIGNON",819.672131147541,1,Low,1,0,6,0,0,0,1,0,0,0,8
02430,"LIESSE NOTRE DAME",641.6576054125891,8,Low,5,3,196,3,0,1,10,1,0,1,220
02431,LIEZ,947.6941747572815,4,Low,1,0,20,0,0,0,3,0,0,0,24
02433,LISLET,892.8571428571429,1,Low,1,0,41,1,0,1,8,0,0,0,52
02439,"LES SEPTVALLONS",1369.86301369863,9,Low,1,0,106,1,0,0,24,0,0,0,132
02441,LOUATRE,1215.3846153846155,1,Low,1,0,9,0,0,0,2,0,0,0,12
02443,"LUCY LE BOCAGE",1119.047619047619,1,Low,1,0,30,0,0,0,5,0,0,0,36
02445,LUZOIR,1000,1,Low,1,0,27,0,0,0,4,0,0,0,32
02446,"LY FONTAINE",1621.6216216216217,1,Low,1,0,6,0,0,0,1,0,0,0,8
02450,MACQUIGNY,942.7688054706824,2,Low,1,1,41,1,0,0,8,0,0,0,52
02453,MAIZY,1483.5164835164835,1,Low,1,0,31,0,0,0,4,0,0,0,36
02456,MANICAMP,1827.142857142857,1,Low,1,0,28,1,0,0,5,0,0,1,36
02458,"DHUYS ET MORIN EN BRIE",3445.232780612245,2,Low,1,0,53,0,0,0,10,0,0,0,64
02459,MARCY,831.6666666666666,1,Low,1,0,13,0,0,0,2,0,0,0,16
02468,MARLE,1318.6813186813188,42,High,33,11,893,8,0,6,79,4,0,2,1036
02469,"MARLY GOMONT",2025.3164556962026,9,Low,2,2,107,1,0,0,7,1,0,0,120
02470,MARTIGNY,1184.4892695956526,4,Low,3,0,29,1,0,0,3,0,0,0,36
02472,"MAUREGNY EN HAYE",803.1599736668861,2,Low,1,0,43,1,0,0,3,0,0,0,48
02473,MAYOT,631.3131313131313,1,Low,1,0,10,0,0,0,1,0,0,0,12
02476,MENNEVRET,745.6846950517836,12,High,2,4,58,1,0,0,3,0,0,0,68
02477,"MERCIN ET VAUX",1854.3046357615895,9,Low,3,0,139,1,0,1,20,0,0,0,164
02478,"MERLIEUX ET FOUQUEROLLES",1604.9382716049383,1,Low,1,0,27,1,0,0,2,0,0,1,32
02481,"MESNIL SAINT LAURENT",1679.8473011363637,4,Low,1,2,49,0,0,0,4,0,0,0,56
02483,"MEZIERES SUR OISE",1208.0200501253134,4,Low,4,0,58,1,0,0,5,0,0,0,68
02484,"MEZY MOULINS",1822.7848101265822,9,Low,1,0,58,1,0,0,8,0,0,0,68
02487,"MISSY SUR AISNE",1893.1297709923665,1,Low,1,1,63,1,0,0,4,0,0,2,72
02488,MOLAIN,860.2150537634409,1,Low,1,0,6,0,0,0,1,0,0,0,8
02491,"MONCEAU LE NEUF FAUCOUZY",826.2187088274045,4,Low,2,0,18,0,0,0,0,0,0,0,20
02493,"MONCEAU LE WAAST",1551.7241379310344,1,Low,1,0,12,0,0,0,3,0,0,0,16
02496,MONNES,1699.3464052287582,1,Low,1,0,6,0,0,0,1,0,0,0,8
02497,"MONS EN LAONNOIS",1373.7864077669904,9,Low,2,2,145,2,0,0,8,1,0,0,160
02498,MONTAIGU,779.2207792207793,6,Low,3,0,83,1,0,0,17,0,0,0,104
02500,MONTBREHAIN,1071.4285714285713,20,High,2,0,87,1,0,0,13,1,0,0,104
02501,MONTCHALONS,1133.3333333333333,1,Low,60,102,8074,44,18,19,820,25,24,14,9200
02502,MONTCORNET,1129.032258064516,35,High,36,16,935,9,0,1,87,3,0,1,1088
02503,"MONT D ORIGNY",1300.0262762762763,4,Low,1,1,60,1,0,1,7,0,0,1,72
02504,"MONTESCOURT LIZEROLLES",1323.5294117647059,9,Low,3,1,125,1,0,0,11,1,0,2,144
02511,"MONTIGNY EN ARROUAISE",1298.413224706328,4,Low,2,0,9,0,0,0,1,0,0,0,12
02513,"MONTIGNY LE FRANC",593.2203389830509,1,Low,1,0,30,0,0,0,5,0,0,0,36
02514,"MONTIGNY LENGRAIN",2714.285714285714,1,Low,1,1,89,0,1,0,4,0,0,0,96
02517,"MONTIGNY SUR CRECY",731.060606060606,6,Low,1,0,27,0,0,0,4,0,0,0,32
02518,MONTLEVON,485,2,Low,1,0,22,0,0,0,5,0,0,0,28
02520,"MONT NOTRE DAME",1353.0452083563614,16,High,2,1,72,1,0,0,12,0,0,0,88
02521,"MONTREUIL AUX LIONS",2386.3636363636365,25,High,2,3,185,1,0,0,33,1,0,3,228
02524,MONT-SAINT-PERE,2068.9655172413795,1,Low,1,0,49,1,0,0,9,0,0,0,60
02525,MORCOURT,1481.7158931082981,4,Low,2,0,49,1,0,0,4,0,0,0,56
02528,MORTEFONTAINE,1630.2552552552552,4,Low,1,0,14,0,0,0,1,0,0,0,16
02529,MORTIERS,999.5454545454545,1,Low,1,0,7,0,0,0,0,0,0,0,8
02531,"MOUSSY VERNEUIL",1457.8313253012047,1,Low,1,0,10,0,0,0,1,0,0,0,12
02532,"MOY DE L AISNE",982.7172827172826,12,High,3,3,170,2,0,0,5,1,0,0,184
02539,NAUROY,663.265306122449,1,Low,2,0,63,1,0,0,6,0,0,0,72
02540,"NESLES LA MONTAGNE",1773.049645390071,9,Low,1,0,89,1,0,0,11,0,0,2,104
02541,"NEUFCHATEL SUR AISNE",1269.3333333333333,9,Low,2,1,58,1,0,0,6,0,0,0,68
02543,"NEUILLY SAINT FRONT",1184.2105263157894,99,High,7,4,291,4,0,2,42,1,0,1,352
02545,"LA NEUVILLE BOSMONT",782.1932143643975,2,Low,1,0,19,0,0,0,0,0,0,0,20
02546,"LA NEUVILLE EN BEINE",1155.2845528455284,1,Low,1,0,12,1,0,0,2,0,0,0,16
02549,"NEUVILLE SAINT AMAND",1333.3333333333333,1,Low,1,0,69,0,0,0,10,0,0,0,80
02550,"NEUVILLE SUR AILETTE",1686.7469879518073,1,Low,1,0,6,0,0,0,1,0,0,0,8
02551,"NEUVILLE SUR MARGIVAL",1507.5,1,Low,1,0,6,0,0,0,1,0,0,0,8
02552,NEUVILLETTE,1122.6415094339623,1,Low,1,0,26,1,0,0,4,0,0,0,32
02555,"NOGENT L ARTAUD",2105.2631578947367,81,High,2,3,225,1,0,0,27,1,0,5,264
02558,"LE NOUVION-EN-THIERACHE",1006.1904761904761,90,High,61,34,2370,24,2,6,222,8,1,8,2736
02559,NOUVION-ET-CATILLON,1574.375,1,Low,2,1,36,1,0,0,4,0,0,0,44
02561,"NOUVION LE VINEUX",1118.421052631579,1,Low,1,0,20,0,0,0,3,0,0,0,24
02564,"BERNOY LE CHATEAU",1401.2987012987012,1,Low,1,1,67,1,0,0,9,0,0,1,80
02566,OGNES,1743.2432432432433,9,Low,2,1,87,1,0,0,10,1,0,2,104
02568,"OIGNY EN VALOIS",2928.5714285714284,1,Low,1,0,17,0,0,0,2,0,0,0,20
02569,OISY,754.9450549450548,4,Low,2,0,38,1,0,0,7,0,0,0,48
02572,ORAINVILLE,2366.7293233082705,1,Low,1,0,35,0,0,0,4,0,0,0,40
02574,ORIGNY-EN-THIERACHE,684.4968892079445,12,High,2,4,141,1,0,0,18,1,0,1,168
02575,ORIGNY-SAINTE-BENOITE,647.0588235294117,15,High,4,4,239,2,0,1,25,1,0,0,276
02576,"OSLY COURTIL",1197.0478,4,Low,1,0,25,1,0,0,5,0,0,0,32
02577,OSTEL,1785.7142857142858,1,Low,1,0,6,0,0,0,1,0,0,0,8
02580,OULCHY-LE-CHATEAU,1369.5176808696738,16,High,4,3,159,1,0,1,14,1,0,1,184
02583,"PANCY COURTECON",654.2056074766355,1,Low,1,0,3,0,0,0,0,0,0,0,4
02590,"PARGNY LA DHUYS",930.4263565891473,2,Low,1,0,21,0,0,0,2,0,0,0,24
02593,PASLY,1648.913043478261,4,Low,1,0,58,1,0,0,8,0,0,0,68
02596,PAVANT,1612.9032258064517,9,Low,1,1,66,1,0,0,7,0,0,0,76
02602,PINON,1457.142857142857,25,High,4,2,244,2,0,2,23,1,0,2,280
02612,"PONT ARCY",666.6666666666666,1,Low,1,0,17,0,0,0,2,0,0,0,20
02613,PONTAVERT,1878.8995215311006,16,High,2,0,59,1,0,0,9,0,0,1,72
02618,PREMONT,1385.2333333333333,1,Low,1,0,68,1,0,0,10,0,0,0,80
02619,PREMONTRE,1518.987341772152,1,Low,2,0,48,1,0,0,1,0,0,0,52
02621,"PRESLES ET THIERNY",1625,6,Low,1,0,25,1,0,0,5,0,0,0,32
02629,"PUISIEUX ET CLANLIEU",792.8571428571429,4,Low,1,0,30,0,0,0,5,0,0,0,36
02631,QUIERZY,1531.60632542655,4,Low,1,0,16,1,0,0,2,0,0,0,20
02637,REMAUCOURT,1572.3684210526317,1,Low,1,0,6,0,0,0,1,0,0,0,8
02638,REMIES,1565.068004168838,4,Low,1,0,27,0,0,0,3,0,0,1,32
02639,REMIGNY,1254.5454545454545,9,Low,1,0,30,0,0,0,5,0,0,0,36
02643,"RESSONS LE LONG",1666.6666666666667,1,Low,1,1,121,1,0,0,12,0,0,0,136
02648,RIBEMONT,802.6489519722727,24,High,9,2,316,3,0,1,32,1,0,0,364
02649,"ROCOURT SAINT MARTIN",1061.7283950617284,1,Low,1,0,21,0,0,0,5,0,0,1,28
02650,ROCQUIGNY,759.493670886076,1,Low,1,0,34,0,0,0,7,0,0,2,44
02656,ROUCY,642.2142857142857,1,Low,2,0,31,1,0,0,2,0,0,0,36
02659,ROUVROY,2136,1,Low,1,0,56,0,1,0,6,0,0,0,64
02662,"ROZET SAINT ALBIN",1129.032258064516,9,Low,1,0,38,1,0,0,4,0,0,0,44
02665,"GRAND ROZOY",1483.3333333333333,1,Low,1,0,24,0,0,0,3,0,0,0,28
02666,"ROZOY SUR SERRE",666.8307086614172,30,High,4,4,194,3,0,1,9,1,0,0,216
02667,"SACONIN ET BREUIL",1242.857142857143,1,Low,1,0,21,0,0,0,2,0,0,0,24
02668,"SAINS RICHAUMONT",711.996336996337,12,High,4,4,188,2,0,0,12,1,0,1,212
02671,"SAINT AUBIN",1216.552197802198,4,Low,1,0,24,1,0,0,2,0,0,0,28
02673,"SAINT CHRISTOPHE A BERRY",2348.4148747680892,4,Low,1,0,41,1,0,0,9,0,0,0,52
02676,"ST ERME OUTRE ET RAMECOURT",1432.9113924050635,16,High,3,2,262,1,0,1,29,1,0,1,300
02677,"SAINT EUGENE",1294.0906307409675,4,Low,1,0,26,1,0,0,0,0,0,0,28
02680,"SAINT GOBAIN",906.25,36,High,2,7,286,3,0,0,24,1,0,1,324
02684,"SAINT MICHEL",623.75,28,High,3,3,315,2,0,1,37,2,0,1,364
02686,"SAINT PAUL AUX BOIS",1250,1,Low,1,0,19,1,0,0,3,0,0,0,24
02687,"SAINT PIERRE AIGLE",2143.956043956044,1,Low,1,0,27,0,0,0,4,0,0,0,32
02691,"SAINT QUENTIN",1120.4819277108434,38709,High,190,228,17687,105,36,35,1812,55,46,26,20220
02694,"SAINT SIMON",1420,1,Low,5,1,80,1,0,0,5,0,0,0,92
02699,SAPONAY,1820.6521739130435,16,High,1,0,32,0,0,1,6,0,0,0,40
02701,SAULCHERY,1577.9816513761468,1,Low,1,2,56,1,0,0,7,0,0,1,68
02703,SEBONCOURT,1067.0731707317073,9,Low,2,1,58,1,0,0,5,1,0,0,68
02705,"LA SELVE",1383.3333333333333,1,Low,1,0,21,0,0,0,2,0,0,0,24
02707,SEPTVAUX,1489.3617021276596,1,Low,1,0,15,0,0,0,4,0,0,0,20
02708,SEQUEHART,1229.5081967213114,1,Low,1,0,16,0,0,0,3,0,0,0,20
02710,"SERAUCOURT LE GRAND",1422.1927497789566,4,Low,2,1,73,1,0,0,6,1,0,0,84
02714,SERMOISE,695.1219512195122,1,Low,1,0,35,1,0,0,7,0,0,0,44
02717,"SERY LES MEZIERES",1500,1,Low,1,0,51,0,0,0,8,0,0,0,60
02718,"SILLY LA POTERIE",2522.5225225225226,1,Low,1,0,15,0,0,0,4,0,0,0,20
02719,SINCENY,1175,110,High,2,0,196,2,0,0,15,1,0,0,216
02720,SISSONNE,779.2207792207793,6,Low,4,4,334,3,0,1,28,1,1,0,376
02721,SISSY,651.9900194741967,2,Low,1,0,43,0,0,0,8,0,0,0,52
02722,SOISSONS,1672.8971962616822,2448,High,191,190,13492,85,22,25,1367,37,43,80,15532
02729,SOUCY,1526.7175572519084,1,Low,1,0,6,0,0,0,1,0,0,0,8
02734,TAILLEFONTAINE,2126.4367816091954,1,Low,1,0,24,1,0,0,2,0,0,0,28
02736,TARTIERS,1555.5555555555557,1,Low,1,0,6,0,0,0,1,0,0,0,8
02737,"TAVAUX ET PONTSERICOURT",784.7222222222222,2,Low,2,0,45,1,0,0,4,0,0,0,52
02738,TERGNIER,1144.578313253012,899,High,91,56,4711,67,4,13,533,15,2,16,5508
02740,THENAILLES,943.939393939394,1,Low,1,0,17,0,0,0,2,0,0,0,20
02741,THENELLES,518.1818181818181,1,Low,2,0,42,1,0,0,3,0,0,0,48
02746,TRAVECY,891.9133192389006,4,Low,1,0,16,0,0,0,3,0,0,0,20
02748,TRELOU-SUR-MARNE,1511.3636363636363,1,Low,3,1,76,1,0,0,11,0,0,0,92
02749,TROESNES,1806.6037735849056,1,Low,1,0,6,0,0,0,1,0,0,0,8
02750,"TROSLY LOIRE",1352.6383526383527,4,Low,2,0,53,1,0,0,8,0,0,0,64
02752,"TUGNY ET PONT",1288.1521739130435,4,Low,1,0,15,0,0,0,4,0,0,0,20
02753,TUPIGNY,968.5295832118916,4,Low,2,0,49,1,0,0,4,0,0,0,56
02755,URCEL,1389.3805309734514,9,Low,2,2,100,1,0,0,10,1,0,0,116
02756,URVILLERS,864.5983935742972,2,Low,1,0,89,1,0,0,9,0,0,0,100
02757,VADENCOURT,1042.857142857143,1,Low,2,0,45,1,0,0,4,0,0,0,52
02758,VAILLY-SUR-AISNE,1827.5862068965516,49,High,5,4,288,2,0,1,30,1,0,1,332
02759,"LA VALLEE-AU-BLE",895.5223880597015,1,Low,1,0,41,1,0,0,5,0,0,0,48
02761,VARISCOURT,2234.6938775510203,1,Low,1,0,53,0,0,0,1,0,0,1,56
02762,VASSENS,1084.2490842490843,4,Low,1,0,15,0,0,0,4,0,0,0,20
02765,"VAUCELLES ET BEFFECOURT",1641.7910447761194,1,Low,1,0,16,0,0,0,2,0,0,1,20
02766,VAUDESSON,1318.1818181818182,1,Low,1,0,11,0,0,0,0,0,0,0,12
02767,VAUXREZIS,1618.4448979591837,4,Low,1,0,22,0,0,0,5,0,0,0,28
02768,VAUXAILLON,1354.1666666666667,9,Low,1,0,29,1,0,0,3,0,0,2,36
02769,"VAUX ANDIGNY",625,1,Low,2,1,62,1,0,0,6,0,0,0,72
02770,VAUXBUIN,1642.857142857143,1,Low,1,4,174,1,0,0,19,0,0,1,200
02775,VENDEUIL,1653.225806451613,9,Low,2,1,48,1,0,0,4,0,0,0,56
02776,VENDHUILE,881.578947368421,1,Low,2,0,48,1,0,0,4,0,0,1,56
02779,VENEROLLES,728.1553398058253,1,Low,1,0,6,0,0,0,1,0,0,0,8
02780,VENIZEL,2314.814814814815,1,Low,2,2,118,2,0,1,10,1,0,0,136
02781,VERDILLY,1191.8234736699608,4,Low,1,0,50,1,0,0,4,0,0,0,56
02783,"GRAND VERLY",614.2857142857143,9,Low,1,0,6,0,0,0,1,0,0,0,8
02785,VERMAND,1272.7272727272727,9,Low,4,1,159,2,0,0,13,1,0,0,180
02788,VERSIGNY,1081.25,1,Low,2,0,50,1,0,0,6,0,0,1,60
02789,VERVINS,798.3193277310925,40,High,54,15,1620,18,8,6,139,3,0,1,1864
02794,VEZILLY,1933.3333333333333,1,Low,1,2,23,0,0,0,2,0,0,0,28
02795,"VIC SUR AISNE",888.8888888888889,9,Low,5,3,242,2,0,1,26,1,0,0,280
02797,"VIEIL ARCY",1195.2232606438215,4,Low,1,0,18,0,0,0,5,0,0,0,24
02798,"VIELS MAISONS",1320.754716981132,6,Low,2,3,172,1,0,0,33,0,0,1,212
02799,VIERZY,1348.0392156862745,16,High,1,1,56,0,0,0,8,0,0,2,68
02800,VIFFORT,1506.849315068493,9,Low,1,0,15,0,0,0,4,0,0,0,20
02801,"VIGNEUX HOCQUET",1052.7272727272727,9,Low,1,0,16,0,0,0,3,0,0,0,20
02802,"LA VILLE AUX BOIS LES DIZY",1412.9166666666667,4,Low,1,0,14,0,0,0,1,0,0,0,16
02806,"VILLENEUVE SUR FERE",1618.1818181818182,1,Low,1,0,22,0,0,0,1,0,0,0,24
02807,"VILLEQUIER AUMONT",2341.176470588235,1,Low,1,0,63,1,0,0,7,0,0,0,72
02808,VILLERET,1158.5361730899256,4,Low,1,0,22,0,0,0,1,0,0,0,24
02810,VILLERS-COTTERETS,1929.6235679214403,440,High,102,37,4561,45,2,12,535,11,12,43,5360
02812,"VILLERS HELON",1293.3333333333333,1,Low,1,0,11,0,0,0,0,0,0,0,12
02813,"VILLERS LE SEC",566.0869565217391,9,Low,1,0,21,1,0,0,4,0,0,1,28
02815,VILLERS-SAINT-CHRISTOPHE,1405.2287581699347,1,Low,1,0,29,1,0,0,5,0,0,0,36
02818,VILLIERS-SAINT-DENIS,1776,9,Low,1,0,114,1,0,0,15,0,0,1,132
02820,"VIRY NOUREUIL",1566.2650602409637,9,Low,1,3,265,1,0,2,30,1,0,1,304
02821,VIVAISE,1235.284280936455,16,High,1,1,44,1,0,0,5,0,0,0,52
02822,VIVIERES,1037.2340425531916,1,Low,1,0,52,1,0,0,6,0,0,0,60
02824,VORGES,1010.2564102564103,1,Low,1,0,25,0,0,0,6,0,0,0,32
02827,VOYENNE,1291.1538461538462,1,Low,1,0,34,1,0,0,4,0,0,0,40
02828,VREGNY,1824.3243243243244,1,Low,1,0,6,0,0,0,1,0,0,0,8
02830,WASSIGNY,1075.268817204301,1,Low,5,2,120,2,0,0,10,1,0,0,140
02832,"WIEGE FATY",658.0485611510792,2,Low,1,0,6,0,0,0,1,0,0,0,8
02833,WIMY,1056.25,2,Low,2,0,43,1,0,0,10,0,0,0,56
03001,ABREST,1836.5384615384614,121,High,3,3,350,1,0,0,62,1,0,0,420
03003,"AINAY LE CHATEAU",692.803738317757,4,Low,7,4,246,1,0,1,23,1,0,1,284
03004,ANDELAROCHE,1976.7441860465117,1,Low,1,0,12,0,0,0,2,0,1,0,16
03005,ARCHIGNAT,875,6,Low,1,0,48,1,0,0,6,0,0,0,56
03006,ARFEUILLES,859.7308488612837,4,Low,2,3,81,1,0,0,9,0,0,0,96
03007,ARPHEUILLES-SAINT-PRIEST,2424.242424242424,1,Low,2,0,21,1,0,0,0,0,0,0,24
03008,ARRONNES,1445.138888888889,1,Low,1,1,48,1,0,0,5,0,0,0,56
03010,AUDES,1490.25,4,Low,2,0,49,1,0,0,3,0,0,1,56
03011,AUROUER,1438.2022471910113,1,Low,1,0,34,1,0,0,4,0,0,0,40
03013,AVERMES,1727.891156462585,169,High,6,11,551,4,0,3,71,2,0,4,652
03016,BARBERIER,1405.355249204666,4,Low,1,0,9,0,0,0,2,0,0,0,12
03017,BARRAIS-BUSSOLLES,1250,1,Low,1,0,13,0,0,0,2,0,0,0,16
03018,BAYET,1078.4313725490197,1,Low,3,0,99,1,0,0,9,0,0,0,112
03019,BEAULON,968.75,42,High,2,2,170,2,0,0,19,1,0,0,196
03020,"BEAUNE-D ALLIER",1671.1323821339952,4,Low,1,0,42,1,0,0,4,0,0,0,48
03021,BEGUES,859.375,1,Low,1,0,17,0,0,0,2,0,0,0,20
03022,BELLENAVES,1648.8235294117646,1,Low,3,5,304,2,0,0,24,1,0,1,340
03023,"BELLERIVE SUR ALLIER",2078.7011557512383,676,High,7,18,1228,5,3,4,121,4,1,5,1396
03024,BERT,880.4794520547945,1,Low,2,0,47,0,0,0,7,0,0,0,56
03025,BESSAY-SUR-ALLIER,1542.0430107526881,4,Low,2,3,147,2,0,0,17,0,0,1,172
03026,BESSON,1222.2222222222222,9,Low,2,3,103,1,0,0,10,1,0,0,120
03027,BEZENET,906.25,6,Low,2,3,79,1,0,0,7,0,0,0,92
03028,BILLEZOIS,1342.857142857143,1,Low,1,1,48,1,0,0,4,0,0,1,56
03029,BILLY,1166.6666666666667,1,Low,2,2,85,1,0,0,14,0,0,0,104
03032,BLOMARD,1301.6304347826087,9,Low,1,0,9,0,0,0,2,0,0,0,12
03034,BOUCE,1252.6041666666665,4,Low,2,1,61,1,0,0,7,0,0,0,72
03035,"LE BOUCHAUD",720.1155462184875,4,Low,1,1,36,1,0,0,5,0,0,0,44
03036,"BOURBON-L ARCHAMBAULT",1510.3958416633347,56,High,40,24,1682,13,0,4,156,5,0,0,1924
03037,BRAIZE,1521.7391304347825,9,Low,1,0,23,1,0,0,3,0,0,0,28
03038,BRANSAT,557.6923076923077,1,Low,1,0,40,1,0,0,2,0,0,0,44
03040,BRESSOLLES,1720.9302325581396,25,High,1,0,90,1,0,0,15,0,0,1,108
03042,"LE BREUIL",1161.8055555555557,1,Low,2,2,88,1,0,0,11,0,0,0,104
03043,BROUT-VERNET,1448.75,16,High,2,3,191,3,0,0,15,1,0,1,216
03045,BUSSET,1257.861635220126,4,Low,2,1,77,1,0,0,11,0,0,0,92
03046,BUXIERES-LES-MINES,677.2727272727273,20,High,3,3,109,1,0,0,7,1,0,0,124
03047,"LA CELLE",1280.041511907363,4,Low,1,1,48,0,0,0,2,0,0,0,52
03048,CERILLY,896.4285714285714,24,High,7,2,265,2,0,1,29,1,0,1,308
03049,CESSET,956.493271221532,2,Low,1,1,38,1,0,0,7,0,0,0,48
03050,"LA CHABANNE",500,10,High,2,0,33,1,0,0,4,0,0,0,40
03051,CHAMBERAT,565.5351249410655,2,Low,1,0,23,1,0,0,3,0,0,0,28
03052,CHAMBLET,1625,1,Low,2,1,75,1,0,0,13,0,0,0,92
03053,CHANTELLE,653.3333333333334,15,High,4,4,210,2,0,0,19,1,0,0,240
03055,"LA CHAPELAUDE",1685.6312292358803,2,Low,2,3,110,1,0,0,14,1,0,1,132
03057,"LA CHAPELLE AUX CHASSES",2609.090909090909,1,Low,2,1,26,1,0,0,2,0,0,0,32
03058,CHAPPES,1426.1083743842364,9,Low,2,0,28,1,0,0,5,0,0,0,36
03061,CHARMES,2475.5339805825242,1,Low,1,0,39,0,0,0,8,0,0,0,48
03062,CHARROUX,1544.375,1,Low,2,5,75,1,0,0,9,0,0,0,92
03063,CHASSENARD,461.53846153846155,10,High,1,0,106,1,0,0,16,0,0,0,124
03064,CHATEAU-SUR-ALLIER,1771.888888888889,1,Low,1,0,14,0,0,0,1,0,0,0,16
03066,CHATEL-MONTAGNE,1289.2156862745098,9,Low,2,1,78,0,0,0,6,0,0,1,88
03071,CHAVROCHES,856.1643835616438,1,Low,1,0,23,1,0,0,3,0,0,0,28
03072,CHAZEMAIS,884.0277777777778,2,Low,1,0,45,1,0,0,4,0,1,0,52
03074,CHEVAGNES,728.9772727272727,4,Low,3,4,164,1,0,0,11,1,0,0,184
03077,"CHIRAT-L EGLISE",1204.225352112676,1,Low,1,0,6,0,0,0,1,0,0,0,8
03078,CHOUVIGNY,1807.8125,1,Low,1,0,24,0,0,0,3,0,0,0,28
03079,CINDRE,1034.4827586206898,4,Low,2,0,36,1,0,0,4,0,0,1,44
03080,COGNAT-LYONNE,931.937172774869,1,Low,2,0,75,1,0,0,10,0,0,0,88
03081,COLOMBIER,1089.496021220159,4,Low,1,0,23,0,0,0,4,0,0,0,28
03082,COMMENTRY,922.9368932038835,192,High,83,50,3595,34,0,7,378,12,6,7,4172
03083,CONTIGNY,1272.7272727272727,1,Low,1,0,41,1,0,0,9,0,0,0,52
03084,"COSNE-D ALLIER",1131.5987933634992,64,High,8,5,343,2,0,2,30,1,0,1,392
03085,COULANDON,1527.7777777777778,1,Low,2,0,70,1,0,0,11,0,0,0,84
03087,COULEUVRE,216.8021951219512,10,High,2,1,75,1,0,0,5,0,0,0,84
03091,CRECHY,1026.7857142857142,1,Low,2,0,72,1,0,0,8,0,0,1,84
03092,CRESSANGES,862.5429553264604,2,Low,2,2,86,1,0,0,9,0,0,0,100
03093,CREUZIER-LE-NEUF,1726.4285714285713,9,Low,2,1,135,1,0,0,24,0,0,1,164
03094,CREUZIER-LE-VIEUX,1803.5714285714287,121,High,2,5,365,2,0,0,60,1,0,1,436
03095,CUSSET,1422.3257211538462,2300,High,18,24,1890,8,3,3,261,5,5,3,2220
03097,DENEUILLE-LES-MINES,629.1390728476821,1,Low,2,0,27,0,0,0,3,0,0,0,32
03098,DESERTINES,1043.9814814814815,306,High,3,2,520,4,0,1,43,2,0,1,576
03099,DEUX-CHAISES,322.5806451612903,3,Low,2,0,57,1,0,0,7,0,0,1,68
03101,DOMERAT,1151.3347763347765,1292,High,11,19,1534,10,0,5,181,4,0,4,1768
03102,DOMPIERRE-SUR-BESBRE,895.0617283950617,30,High,55,37,2560,20,0,6,257,8,0,9,2952
03103,"LE DONJON",875,9,Low,20,16,860,5,0,2,79,3,0,3,988
03104,DOYET,2183.333333333333,4,Low,12,10,808,6,2,2,89,3,2,2,936
03105,DROITURIER,702.1276595744681,1,Low,13,12,789,4,1,3,79,2,1,0,904
03106,DURDAT-LAREQUILLE,755.3956834532374,1,Low,14,10,709,7,0,1,86,2,0,3,832
03107,EBREUIL,522.238514173998,8,Low,6,7,305,1,0,0,31,2,0,0,352
03108,ECHASSIERES,1518.9655172413793,4,Low,2,3,60,1,0,0,2,0,0,0,68
03109,ESCUROLLES,1955,1,Low,2,2,92,1,0,0,11,0,0,0,108
03110,ESPINASSE-VOZELLE,1276.595744680851,1,Low,2,0,94,1,0,0,15,0,0,0,112
03111,ESTIVAREILLES,816.4414414414414,12,High,2,2,171,1,0,0,23,1,0,0,200
03112,ETROUSSAT,846.7023172905526,24,High,2,0,65,1,0,0,12,0,0,0,80
03113,FERRIERES-SUR-SICHON,776.6666666666666,6,Low,2,1,105,1,0,0,9,1,0,1,120
03114,"LA FERTE HAUTERIVE",1294.1176470588234,1,Low,1,0,42,1,0,0,4,0,0,0,48
03115,FLEURIEL,1083.3333333333333,9,Low,2,0,27,1,0,0,2,0,0,0,32
03116,FOURILLES,922.2222222222222,1,Low,1,0,20,0,0,0,3,0,0,0,24
03118,GANNAT,1307.5778388278388,528,High,92,85,4635,45,0,11,521,11,3,17,5420
03120,GARNAT-SUR-ENGIEVRE,1219.047619047619,1,Low,2,2,88,1,0,0,7,0,0,0,100
03121,GENNETINES,1866.6666666666667,1,Low,1,0,45,1,0,0,4,0,0,1,52
03124,GOUISE,1260.6837606837607,1,Low,2,0,16,0,0,0,2,0,0,0,20
03126,HAUTERIVE,1373.5714285714287,49,High,2,1,99,1,0,0,13,0,0,0,116
03127,HERISSON,1212.6438434982738,16,High,3,1,97,1,0,0,6,0,0,0,108
03128,HURIEL,767.4418604651163,66,High,5,4,279,3,0,1,33,1,0,2,328
03129,HYDS,1071.1538461538462,1,Low,1,1,30,1,0,0,3,0,0,0,36
03130,ISLE-ET-BARDAIS,619.5493122622183,2,Low,1,0,29,0,0,0,6,0,0,0,36
03131,ISSERPENT,1567.1641791044776,1,Low,2,1,81,1,0,0,15,0,0,0,100
03132,JALIGNY-SUR-BESBRE,684.5238095238095,24,High,5,2,166,2,0,0,15,1,0,1,192
03133,JENZAT,1430.506660679539,4,Low,2,1,72,1,0,0,7,0,0,1,84
03135,LALIZOLLE,1551.063829787234,1,Low,2,2,53,1,0,0,6,0,0,0,64
03136,LAMAIDS,875,1,Low,1,0,20,0,0,0,3,0,0,0,24
03137,LANGY,1551.111111111111,2,Low,1,1,23,0,0,0,3,0,0,0,28
03138,LAPALISSE,1168.141592920354,72,High,79,50,3059,29,2,6,309,7,3,4,3548
03140,LAVAULT-SAINTE-ANNE,1071.4285714285713,110,High,1,0,76,1,0,0,6,0,0,0,84
03141,LAVOINE,833.3333333333334,1,Low,2,0,48,0,0,0,2,0,0,0,52
03142,LENAX,535.7142857142857,6,Low,2,0,45,1,0,0,4,0,0,0,52
03144,LIERNOLLES,1035.5747126436781,4,Low,1,0,14,0,0,0,1,0,0,0,16
03145,LIGNEROLLES,1083.3333333333333,1,Low,1,0,59,1,0,0,7,0,0,0,68
03147,LODDES,978.7234042553191,6,Low,1,0,13,0,0,0,2,0,0,0,16
03150,LOUROUX-BOURBONNAIS,754.1106128550075,12,High,2,0,27,1,0,0,2,0,0,0,32
03151,LOUROUX-DE-BEAUNE,2756.4102564102564,2,Low,1,0,13,0,0,0,2,0,0,0,16
03152,LOUROUX-DE-BOUBLE,642.8571428571429,9,Low,1,3,54,1,0,0,4,0,0,1,64
03154,LUNEAU,970.8737864077669,1,Low,1,0,34,1,0,0,4,0,0,0,40
03155,LURCY-LEVIS,671.2328767123288,54,High,7,2,325,2,0,1,34,1,0,0,372
03156,LUSIGNY,1633.6803272700708,16,High,2,5,151,2,0,0,18,1,1,0,180
03157,MAGNET,1510.4166666666667,9,Low,2,3,89,1,0,0,12,0,0,1,108
03159,MALICORNE,1297.752808988764,9,Low,1,1,142,1,0,2,24,1,0,0,172
03161,MARCILLAT-EN-COMBRAILLE,535.4330708661417,45,High,5,2,223,2,0,0,15,1,0,0,248
03162,MARIGNY,2258.064516129032,1,Low,1,2,26,0,0,0,3,0,0,0,32
03163,MARIOL,2144.488888888889,1,Low,2,1,80,1,0,0,11,0,0,1,96
03165,"LE MAYET DE MONTAGNE",866.7890070921985,24,High,7,10,453,2,0,1,44,2,0,1,520
03167,MAZIRAT,581.3953488372093,1,Low,1,0,52,1,0,0,6,0,0,0,60
03168,MEAULNE-VITRAY,974.5370370370371,56,High,2,2,142,1,0,0,12,1,0,0,160
03169,MEILLARD,529.0488798076923,2,Low,1,1,37,1,0,0,4,0,0,0,44
03170,MEILLERS,1809.5238095238096,1,Low,1,0,13,0,0,0,2,0,0,0,16
03171,MERCY,2045.4545454545455,1,Low,1,0,21,0,0,0,2,0,0,0,24
03172,MESPLES,293.1034482758621,3,Low,1,0,13,0,0,0,2,0,0,0,16
03173,MOLINET,824.2424242424242,1,Low,2,1,87,1,0,0,12,1,0,0,104
03174,MOLLES,2946.4285714285716,1,Low,2,1,91,1,0,0,13,0,0,0,108
03176,MONETAY-SUR-ALLIER,1264.690170940171,4,Low,2,0,74,1,0,0,6,0,0,1,84
03177,MONETAY-SUR-LOIRE,572.9166666666666,6,Low,2,0,33,0,0,0,4,0,0,1,40
03179,MONTAIGU-LE-BLIN,1662.5531914893618,1,Low,2,0,36,1,0,0,5,0,0,0,44
03180,MONTBEUGNY,1082.0112994350284,16,High,2,0,41,1,0,0,4,0,0,0,48
03182,"MONTEIGNET-SUR-L ANDELOT",1025.1908396946565,1,Low,1,0,37,1,0,0,5,0,0,0,44
03184,MONTILLY,1546.4566929133857,1,Low,1,0,29,1,0,0,0,0,0,1,32
03185,MONTLUCON,1105.4538520213578,7840,High,182,196,15304,114,24,33,1625,49,42,39,17608
03186,MONTMARAULT,602.1505376344086,88,High,27,17,949,8,0,2,105,2,2,0,1112
03187,MONTOLDRE,970.1492537313433,1,Low,1,0,31,1,0,0,3,0,0,0,36
03189,MONTVICQ,599.3388554216867,2,Low,2,1,74,1,0,0,9,0,1,0,88
03190,MOULINS,1316.16,1720,High,170,183,11905,83,23,16,1099,35,38,40,13592
03193,NASSIGNY,615.8974358974359,1,Low,1,0,36,1,0,0,6,0,0,0,44
03195,NERIS-LES-BAINS,1064.3650793650793,90,High,2,8,451,3,0,0,46,1,0,1,512
03197,NEUILLY-LE-REAL,1288.888888888889,25,High,5,3,270,2,0,0,25,1,0,2,308
03200,NEUVY,1582.2974321749389,16,High,1,1,189,1,0,0,24,0,0,0,216
03201,NIZEROLLES,567.1247938427707,2,Low,15,20,1046,6,3,2,106,2,3,5,1208
03202,"NOYANT-D ALLIER",1215.9055118110236,2,Low,15,24,1113,9,0,5,106,4,1,3,1280
03203,PARAY-LE-FRESIL,1355.46875,4,Low,19,13,905,8,0,4,107,4,2,2,1064
03204,PARAY-SOUS-BRIAILLES,540,6,Low,1,0,64,1,0,0,10,0,0,0,76
03205,PERIGNY,1177.049180327869,9,Low,1,0,55,1,0,0,6,0,0,1,64
03206,"LA PETITE-MARCHE",720.9302325581396,1,Low,2,0,13,1,0,0,0,0,0,0,16
03207,PIERREFITTE-SUR-LOIRE,856.7213114754098,2,Low,2,1,68,1,0,0,7,0,0,1,80
03208,"LE PIN",1269.2307692307693,1,Low,2,0,56,1,0,0,9,0,0,0,68
03210,POUZY-MESANGY,882.3529411764706,1,Low,2,0,57,1,0,0,8,0,0,0,68
03211,PREMILHAT,1193.75,182,High,3,7,299,1,0,1,32,1,0,0,344
03212,QUINSSAINES,1458.623693379791,16,High,3,0,138,1,0,0,14,0,0,0,156
03217,SAINT-ANGEL,937.5,9,Low,2,0,57,1,0,0,8,0,0,0,68
03218,SAINT-AUBIN-LE-MONIAL,1467.8899082568807,1,Low,1,0,28,0,0,0,3,0,0,0,32
03220,SAINT-BONNET-DE-ROCHEFORT,1146.56432748538,4,Low,2,2,59,1,0,0,7,0,0,1,72
03221,SAINT-BONNET-TRONCAIS,1091.3461538461538,20,High,3,4,138,2,0,0,8,0,0,1,156
03224,SAINT-CLEMENT,1147.8476821192053,12,High,1,0,56,1,0,0,6,0,0,0,64
03225,SAINT-DESIRE,794.9176470588235,6,Low,2,1,70,1,0,0,9,1,0,0,84
03227,SAINT-DIDIER-LA-FORET,1328,1,Low,1,0,42,0,0,0,5,0,0,0,48
03229,SAINT-ENNEMOND,1232.876712328767,9,Low,2,1,60,1,0,0,8,0,0,0,72
03232,SAINT-FELIX,753.968253968254,1,Low,1,0,35,1,0,0,2,0,0,1,40
03233,SAINT-GENEST,1864.391447368421,4,Low,1,0,16,1,0,0,2,0,0,0,20
03234,SAINT-GERAND-DE-VAUX,1440.7894736842106,9,Low,2,1,47,1,0,0,5,0,0,0,56
03235,SAINT-GERAND-LE-PUY,668.859649122807,2,Low,3,3,161,2,0,0,18,1,0,0,188
03236,SAINT-GERMAIN-DES-FOSSES,933.1746632996633,168,High,7,7,440,4,0,1,49,2,0,2,512
03237,SAINT-GERMAIN-DE-SALLES,782.2344322344322,2,Low,2,2,44,1,0,0,3,0,0,0,52
03240,SAINT-LEON,559.4405594405595,6,Low,3,2,71,1,0,0,11,0,0,0,88
03242,SAINT-LOUP,1049.5867768595042,20,High,1,0,46,1,0,0,8,0,0,0,56
03247,SAINT-MENOUX,668.7898089171974,1,Low,2,3,152,3,0,0,15,0,0,1,176
03248,SAINT-NICOLAS-DES-BIEFS,1562.2727272727273,2,Low,2,0,33,0,0,0,1,0,0,0,36
03250,SAINT-PIERRE-LAVAL,1181.6450875856817,4,Low,1,0,50,0,0,0,5,0,0,0,56
03253,SAINT-POURCAIN-SUR-BESBRE,1192.086330935252,6,Low,2,0,57,1,0,0,4,0,0,0,64
03254,"ST POURCAIN SUR SIOULE",1363.7814313346228,374,High,67,52,3380,33,6,4,358,5,6,13,3924
03255,"SAINT-PRIEST-D ANDELOT",1184.2105263157894,1,Low,1,0,12,0,0,0,3,0,0,0,16
03256,SAINT-PRIEST-EN-MURAT,461.1528822055138,2,Low,1,1,20,0,0,0,2,0,0,0,24
03257,SAINT-PRIX,1242.982456140351,6,Low,3,0,66,0,0,0,11,0,0,0,80
03258,SAINT-REMY-EN-ROLLAT,2372.958942683259,4,Low,2,2,220,1,0,0,37,1,0,1,264
03259,SAINT-SAUVIER,553.5714285714286,15,High,2,2,37,1,0,0,2,0,0,0,44
03261,SAINTE-THERENCE,580.6666666666666,2,Low,1,0,36,0,0,0,7,0,0,0,44
03262,SAINT-VICTOR,1922.077922077922,1,Low,2,0,279,1,0,0,41,1,0,0,324
03264,SAINT-YORRE,1492.5373134328358,169,High,6,4,485,3,0,1,55,1,0,1,556
03265,SALIGNY-SUR-ROUDON,606.0319233838787,12,High,2,1,103,1,0,0,13,0,0,0,120
03266,SANSSAT,1413.3333333333333,1,Low,1,0,30,1,0,0,4,0,0,0,36
03267,SAULCET,1673.0400383601054,4,Low,1,2,86,1,0,0,12,0,0,2,104
03268,SAULZET,1572.4567099567098,4,Low,1,0,40,1,0,0,6,0,0,0,48
03271,SERBANNES,1670.7173061056105,4,Low,1,0,72,1,0,0,13,0,0,1,88
03272,SERVILLY,655.0386904761905,2,Low,1,0,10,0,0,0,1,0,0,0,12
03273,SEUILLET,1562.5,1,Low,1,0,71,1,0,0,15,0,0,0,88
03274,SORBIER,1092.2581878424876,4,Low,2,0,43,1,0,0,6,0,0,0,52
03275,SOUVIGNY,725.8064516129032,110,High,3,2,224,3,0,1,25,1,0,1,260
03276,SUSSAT,1201.834862385321,1,Low,1,0,14,0,0,0,1,0,0,0,16
03277,TARGET,613.6363636363636,1,Low,2,1,46,1,0,0,2,0,0,0,52
03279,TEILLET-ARGENTY,1216.6666666666667,6,Low,2,1,50,1,0,0,6,0,0,0,60
03280,TERJAT,1382.9787234042553,1,Low,1,0,28,1,0,0,2,0,0,0,32
03281,"LE THEIL",974.2524916943521,4,Low,1,1,56,1,0,0,5,0,0,0,64
03282,THENEUILLE,1686.794017094017,4,Low,2,0,38,0,0,0,4,0,0,0,44
03283,THIEL-SUR-ACOLIN,1250,6,Low,2,2,98,1,0,0,17,0,0,0,120
03284,THIONNE,543.4782608695652,1,Low,3,0,33,0,0,0,4,0,0,0,40
03286,"TOULON SUR ALLIER",1685.7142857142858,9,Low,2,2,220,2,0,1,24,0,0,1,252
03288,TREIGNAT,544.2477876106195,1,Low,2,3,100,1,0,0,10,0,0,0,116
03289,TRETEAU,916.6666666666666,9,Low,2,1,58,1,0,0,2,0,0,0,64
03290,TREVOL,1721.3685316522196,30,High,2,0,102,1,0,0,9,0,1,1,116
03291,TREZELLES,873.8605442176871,4,Low,2,1,44,1,0,0,4,0,0,0,52
03293,URCAY,900.78125,2,Low,2,1,44,0,0,0,5,0,0,0,52
03294,"USSEL-D ALLIER",875,9,Low,1,0,22,0,0,0,5,0,0,0,28
03295,VALIGNAT,1019.82,1,Low,1,0,7,0,0,0,0,0,0,0,8
03296,VALIGNY,1000,1,Low,2,0,49,1,0,0,8,0,0,0,60
03297,VALLON-EN-SULLY,849.5833333333333,90,High,6,2,302,3,0,1,23,1,0,2,340
03298,"VARENNES SUR ALLIER",1371.212121212121,144,High,31,20,1647,14,4,4,182,4,4,2,1912
03299,VARENNES-SUR-TECHE,1264.9305555555557,4,Low,1,0,35,1,0,0,3,0,0,0,40
03300,VAUMAS,722.8120978120978,2,Low,1,1,45,1,0,0,4,0,0,0,52
03301,VAUX,1283.4645669291338,9,Low,2,0,118,1,0,0,18,0,0,1,140
03303,VENAS,1769.2307692307693,1,Low,1,1,37,1,0,0,4,0,0,0,44
03304,VENDAT,1756.1538461538462,9,Low,2,2,192,2,0,0,25,1,0,0,224
03306,"LE VERNET",1150,81,High,3,2,227,1,0,0,40,1,0,2,276
03308,VERNUSSE,2313.953488372093,1,Low,1,0,9,0,0,0,2,0,0,0,12
03309,"LE VEURDRE",809.7402597402597,4,Low,2,2,98,1,0,0,8,1,0,0,112
03310,VICHY,2084.7020083463744,3904,High,191,303,19108,92,26,30,2145,45,26,46,22012
03311,VICQ,1627.1186440677966,1,Low,2,1,34,0,0,0,7,0,0,0,44
03312,VIEURE,1383.5,1,Low,2,0,55,1,0,0,2,0,0,0,60
03313,"LE VILHAIN",769.8924731182797,4,Low,2,0,36,1,0,0,5,0,0,0,44
03314,VILLEBRET,1847.5468975468975,16,High,1,0,138,1,0,0,20,0,0,0,160
03315,VILLEFRANCHE-D'ALLIER,968.0675526024363,4,Low,3,3,153,1,0,0,19,1,0,0,180
03316,VILLENEUVE-SUR-ALLIER,1544.1176470588234,9,Low,2,1,120,1,0,0,10,1,0,1,136
03319,VOUSSAC,806.4516129032259,9,Low,2,1,44,1,0,0,4,0,0,0,52
03320,YGRANDE,2166.6666666666665,1,Low,2,2,107,1,0,0,16,0,0,0,128
03321,YZEURE,1556.6037735849056,1443,High,13,22,1424,10,1,4,128,5,6,3,1616
04001,AIGLUN,1857.1834992887623,2,Low,2,1,227,1,0,0,32,0,0,5,268
04004,ALLEMAGNE-EN-PROVENCE,3406.25,4,Low,2,3,86,1,0,0,13,0,0,3,108
04006,ALLOS,5085.357142857143,24,High,5,7,552,1,0,1,60,2,0,0,628
04007,ANGLES,2610,1,Low,1,0,12,0,0,0,3,0,0,0,16
04008,ANNOT,10915.95588235294,2,Low,4,2,306,2,0,1,24,1,0,4,344
04018,BANON,1217.2272727272727,16,High,6,10,294,2,0,0,27,1,0,0,340
04019,BARCELONNETTE,3257.8947368421054,3,Low,42,58,3511,15,0,4,366,7,6,11,4020
04022,BARREME,1291.3333333333333,1,Low,4,3,162,1,0,0,22,0,0,0,192
04025,BEAUVEZER,2000,1,Low,2,2,120,0,0,0,16,0,0,0,140
04031,"BRAS-D ASSE",1381.8181818181818,25,High,2,4,77,1,0,0,12,0,0,0,96
04032,BRAUX,4928.333333333333,1,Low,1,1,21,0,0,0,1,0,0,0,24
04033,UBAYE-SERRE-PONCON,2159.090909090909,9,Low,4,7,210,2,0,0,20,0,0,1,244
04034,"LA BRILLANNE",2410.5,4,Low,4,3,244,1,0,1,41,0,0,2,296
04036,"LE BRUSQUET",2465.0349650349654,4,Low,2,1,135,1,0,0,16,0,0,1,156
04037,"LE CAIRE",1000,4,Low,1,0,20,0,0,0,3,0,0,0,24
04039,CASTELLANE,1762.111111111111,16,High,8,12,616,3,0,1,60,1,0,3,704
04045,CERESTE-EN-LUBERON,1625,9,Low,3,6,294,1,0,0,31,1,0,0,336
04047,CHAMPTERCIER,3571.4285714285716,1,Low,2,0,139,1,0,0,25,0,1,0,168
04049,CHATEAU-ARNOUX-SAINT-AUBAN,2733.8129496402876,169,High,44,54,3896,23,12,3,569,8,1,14,4624
04053,"CHATEAUNEUF VAL ST DONAT",2400.4629629629626,16,High,1,0,55,1,0,0,11,0,0,0,68
04057,CLAMENSANE,2454.6323529411766,4,Low,3,0,50,1,0,0,6,0,0,0,60
04059,CLUMANC,2182.6923076923076,4,Low,1,0,30,1,0,0,4,0,0,0,36
04061,COLMARS,1626.6666666666667,9,Low,4,5,195,1,0,0,17,1,0,1,224
04063,CORBIERES-EN-PROVENCE,2333.3333333333335,25,High,3,3,167,1,0,0,30,0,0,0,204
04065,CRUIS,1970.8387942332897,36,High,2,2,73,1,0,0,10,0,0,0,88
04066,CURBANS,2620.1754385964914,4,Low,1,1,69,1,0,0,15,0,0,1,88
04069,DEMANDOLX,2133.3333333333335,1,Low,1,0,32,0,0,0,3,0,0,0,36
04070,DIGNE-LES-BAINS,2770.6521739130435,441,High,114,109,8244,41,4,16,840,16,33,23,9440
04073,ENCHASTRAYES,2628.865979381443,6,Low,2,2,144,1,0,0,14,1,0,0,164
04076,ENTREVAUX,3949.415031222123,4,Low,4,4,294,1,0,1,39,1,0,4,348
04079,"L ESCALE",2239.5833333333335,1,Low,2,1,134,1,0,0,13,0,0,1,152
04081,ESPARRON-DE-VERDON,3708.3333333333335,1,Low,2,3,97,0,0,0,6,0,0,0,108
04084,ESTOUBLON,1922.4183350895678,36,High,3,2,102,0,0,0,13,0,0,0,120
04087,FONTIENNE,1923.076923076923,1,Low,1,0,7,0,0,0,0,0,0,0,8
04088,FORCALQUIER,3043.478260869565,81,High,68,75,4445,28,0,6,549,7,4,10,5192
04090,"LE FUGERET",1475.4098360655737,9,Low,1,0,40,0,0,0,5,0,0,2,48
04091,GANAGOBIE,2300,1,Low,1,0,21,0,0,0,2,0,0,0,24
04092,"LA GARDE",1500,1,Low,1,0,11,0,0,0,0,0,0,0,12
04094,GREOUX-LES-BAINS,3521.8595041322315,80,High,31,63,3745,12,2,3,494,7,0,11,4368
04096,JAUSIERS,1369.4498069498068,4,Low,2,4,294,1,0,0,33,1,0,1,336
04097,"LA JAVIE",1032.093023255814,2,Low,4,2,45,1,0,0,3,0,0,1,56
04099,LAMBRUISSE,2315.7831325301204,1,Low,1,0,19,0,0,0,4,0,0,0,24
04102,"LE LAUZET UBAYE",3218.390804597701,1,Low,8,20,996,2,0,0,98,2,0,2,1128
04104,LIMANS,2101.2244897959185,1,Low,4,8,537,4,0,0,79,1,0,3,636
04109,MALLEFOUGASSE-AUGES,2456.1403508771928,25,High,1,1,33,0,0,0,5,0,0,0,40
04110,MALLEMOISSON,2372.354651162791,16,High,2,4,142,1,0,0,21,1,0,1,172
04111,MANE,3127.840909090909,1,Low,3,8,311,1,0,0,43,1,0,1,368
04112,MANOSQUE,2887.4722838137473,576,High,91,176,12062,48,22,19,1539,20,17,34,14028
